Link Id	Count Station Id	Hour	MATSIM volumes	Count volumes	Relative Error	Normalized Relative Error	GEH
1031825659_2	SL4B	6	85.9	607	-0.858	0.858	27.996
1031825659_2	SL4B	7	1782.3	505	2.529	0.717	37.77
1031825659_2	SL4B	8	2430	425	4.718	0.825	53.067
1031825659_2	SL4B	9	1387.2	455	2.049	0.672	30.715
1031825659_2	SL4B	10	80	416	-0.808	0.808	21.336
1031825659_2	SL4B	11	250	480	-0.479	0.479	12.039
1031825659_2	SL4B	12	0	529	-1	1	32.527
1031825659_2	SL4B	13	695.5	515	0.35	0.26	7.337
1031825659_2	SL4B	14	174.5	422	-0.586	0.586	14.331
1031825659_2	SL4B	15	40	454	-0.912	0.912	26.342
1031825659_2	SL4B	16	80	416	-0.808	0.808	21.336
1031825659_2	SL4B	17	320	515	-0.379	0.379	9.543
1031825659_2	SL4B	18	290.2	449	-0.354	0.354	8.26
1031825659_2	SL4B	19	529.8	314	0.687	0.407	10.506
1031825659_2_r	SL4A	6	150	264	-0.432	0.432	7.924
1031825659_2_r	SL4A	7	120	473	-0.746	0.746	20.5
1031825659_2_r	SL4A	8	800	420	0.905	0.475	15.386
1031825659_2_r	SL4A	9	190	512	-0.629	0.629	17.187
1031825659_2_r	SL4A	10	0	524	-1	1	32.373
1031825659_2_r	SL4A	11	20	448	-0.955	0.955	27.979
1031825659_2_r	SL4A	12	111.6	416	-0.732	0.732	18.742
1031825659_2_r	SL4A	13	104.5	449	-0.767	0.767	20.708
1031825659_2_r	SL4A	14	226.4	523	-0.567	0.567	15.322
1031825659_2_r	SL4A	15	57.5	542	-0.894	0.894	27.984
1031825659_2_r	SL4A	16	391.9	497	-0.211	0.211	4.985
1031825659_2_r	SL4A	17	171.2	523	-0.673	0.673	18.883
1031825659_2_r	SL4A	18	628.6	534	0.177	0.15	3.924
1031825659_2_r	SL4A	19	1970.8	495	2.981	0.749	42.03
1037015119_2	49A	7	508.5	1190	-0.573	0.573	23.386
1037015119_2	49A	8	1348.6	969	0.392	0.281	11.151
1037015119_2	49A	9	1973.5	917	1.152	0.535	27.791
1037015119_2	49A	10	444	836	-0.469	0.469	15.495
1037015119_2	49A	11	52	890	-0.942	0.942	38.613
1037015119_2	49A	12	0	1057	-1	1	45.978
1037015119_2	49A	13	188.2	931	-0.798	0.798	31.4
1037015119_2	49A	14	253.7	929	-0.727	0.727	27.77
1037015119_2	49A	15	77.4	1240	-0.938	0.938	45.299
1037015119_2	49A	16	150.7	1185	-0.873	0.873	40.023
1037015119_2	49A	17	217.1	1726	-0.874	0.874	48.409
1037015119_2	49A	18	412	1514	-0.728	0.728	35.511
1037015119_2	49A	19	1015.8	968	0.049	0.047	1.518
1037015119_2	49A	20	772.8	624	0.238	0.193	5.631
1037015119_2	49A	21	626.5	453	0.383	0.277	7.468
1041510116_0	LC2A	7	0	37	-1	1	8.602
1041510116_0	LC2A	8	0	33	-1	1	8.124
1041510116_0	LC2A	9	97.8	25	2.912	0.744	9.291
1041510116_0	LC2A	10	92.2	26	2.546	0.718	8.611
1041510116_0	LC2A	11	20	35	-0.429	0.429	2.86
1041510116_0	LC2A	12	80	38	1.105	0.525	5.468
1041510116_0	LC2A	13	0	11	-1	1	4.69
1041510116_0	LC2A	14	102.7	34	2.021	0.669	8.31
1041510116_0	LC2A	15	97.3	32	2.041	0.671	8.121
1041510116_0	LC2A	16	0	23	-1	1	6.782
1041510116_0	LC2A	17	60	70	-0.143	0.143	1.24
1041510116_0_r	LC2B	7	230	59	2.898	0.743	14.225
1041510116_0_r	LC2B	8	60	37	0.622	0.383	3.303
1041510116_0_r	LC2B	9	0	32	-1	1	8
1041510116_0_r	LC2B	10	0	31	-1	1	7.874
1041510116_0_r	LC2B	11	0	44	-1	1	9.381
1041510116_0_r	LC2B	12	60	44	0.364	0.267	2.219
1041510116_0_r	LC2B	13	0	15	-1	1	5.477
1041510116_0_r	LC2B	14	0	20	-1	1	6.325
1041510116_0_r	LC2B	15	0	25	-1	1	7.071
1041510116_0_r	LC2B	16	80	20	3	0.75	8.485
1041510116_0_r	LC2B	17	0	48	-1	1	9.798
109598310_0	34B	7	952.2	1295	-0.265	0.265	10.227
109598310_0	34B	8	3487.3	920	2.791	0.736	54.69
109598310_0	34B	9	1321.4	950	0.391	0.281	11.021
109598310_0	34B	16	440	813	-0.459	0.459	14.902
109598310_0	34B	17	463.4	1282	-0.639	0.639	27.71
109598310_0	34B	18	1159.8	761	0.524	0.344	12.869
120044580_2	26B	7	2448.9	1878	0.304	0.233	12.274
120044580_2	26B	8	3173.4	1528	1.077	0.518	33.937
120044580_2	26B	9	2525.7	1330	0.899	0.473	27.232
120044580_2	26B	16	0	945	-1	1	43.474
120044580_2	26B	17	100	1084	-0.908	0.908	40.442
120044580_2	26B	18	154.2	1561	-0.901	0.901	48.039
120044580_2_r	26A	7	120	843	-0.858	0.858	32.949
120044580_2_r	26A	8	378.4	900	-0.58	0.58	20.631
120044580_2_r	26A	9	325.7	921	-0.646	0.646	23.843
120044580_2_r	26A	16	239.3	1255	-0.809	0.809	37.159
120044580_2_r	26A	17	282.4	1756	-0.839	0.839	46.158
120044580_2_r	26A	18	1504.9	1656	-0.091	0.091	3.801
120243725_0	123A	7	0	289	-1	1	24.042
120243725_0	123A	8	149.1	475	-0.686	0.686	18.449
120243725_0	123A	9	150.7	377	-0.6	0.6	13.932
120243725_0	123A	16	90	663	-0.864	0.864	29.531
120243725_0	123A	17	193.5	546	-0.646	0.646	18.332
120243725_0	123A	18	4.8	627	-0.992	0.992	35.007
120243725_0_r	123B	7	434.8	1054	-0.587	0.587	22.695
120243725_0_r	123B	8	263	989	-0.734	0.734	29.017
120243725_0_r	123B	9	366.9	830	-0.558	0.558	18.93
120243725_0_r	123B	16	10	660	-0.985	0.985	35.513
120243725_0_r	123B	17	0	777	-1	1	39.421
120243725_0_r	123B	18	0	802	-1	1	40.05
121677887_0	8A	7	1530.1	4925	-0.689	0.689	59.757
121677887_0	8A	8	5705.9	3848	0.483	0.326	26.881
121677887_0	8A	9	4735.3	3759	0.26	0.206	14.981
121677887_0	8A	16	875.6	3510	-0.751	0.751	56.258
121677887_0	8A	17	1727.5	5002	-0.655	0.655	56.451
121677887_0	8A	18	3222.6	5627	-0.427	0.427	36.146
121677894_0	8B	7	1839.5	3217	-0.428	0.428	27.396
121677894_0	8B	8	4474.5	3105	0.441	0.306	22.246
121677894_0	8B	9	2586.5	2589	-0.001	0.001	0.049
121677894_0	8B	16	2144.4	3059	-0.299	0.299	17.931
121677894_0	8B	17	2052.3	4373	-0.531	0.531	40.944
121677894_0	8B	18	4433.4	3876	0.144	0.126	8.648
126161931_0	11A	7	260	195	0.333	0.25	4.309
126161931_0	11A	8	596.3	317	0.881	0.468	13.07
126161931_0	11A	9	426.7	334	0.278	0.217	4.753
126161931_0	11A	16	180.4	509	-0.646	0.646	17.699
126161931_0	11A	17	303	640	-0.527	0.527	15.52
126161931_0	11A	18	220.6	660	-0.666	0.666	20.94
126161931_0_r	11B	7	437.6	640	-0.316	0.316	8.72
126161931_0_r	11B	8	643.7	600	0.073	0.068	1.752
126161931_0_r	11B	9	535.2	579	-0.076	0.076	1.856
126161931_0_r	11B	16	250	452	-0.447	0.447	10.782
126161931_0_r	11B	17	386.3	442	-0.126	0.126	2.737
126161931_0_r	11B	18	454.8	477	-0.047	0.047	1.029
141770194_0	42B	7	90	582	-0.845	0.845	26.841
141770194_0	42B	8	360.2	552	-0.347	0.347	8.981
141770194_0	42B	9	180.8	400	-0.548	0.548	12.863
141770194_0	42B	16	0	1006	-1	1	44.855
141770194_0	42B	17	130	1145	-0.886	0.886	40.2
141770194_0	42B	18	454.2	1162	-0.609	0.609	24.899
158803813_0	49B	6	1261.2	2078	-0.393	0.393	19.99
158803813_0	49B	7	3115.1	3279	-0.05	0.05	2.899
158803813_0	49B	8	3561.1	2656	0.341	0.254	16.234
158803813_0	49B	9	2429.1	2239	0.085	0.078	3.935
158803813_0	49B	10	1826.1	2384	-0.234	0.234	12.16
158803813_0	49B	11	381	2544	-0.85	0.85	56.56
158803813_0	49B	12	521.1	2587	-0.799	0.799	52.405
158803813_0	49B	13	450	3066	-0.853	0.853	62.392
158803813_0	49B	14	734.2	2868	-0.744	0.744	50.279
158803813_0	49B	15	1180	4224	-0.721	0.721	58.56
158803813_0	49B	16	191.5	3886	-0.951	0.951	81.823
158803813_0	49B	17	548.3	4072	-0.865	0.865	73.313
158803813_0	49B	18	876.3	2836	-0.691	0.691	45.487
158803813_0	49B	19	1588.8	2278	-0.303	0.303	15.674
158803813_0	49B	20	380.8	1765	-0.784	0.784	42.259
158803813_0	49B	21	540.7	1499	-0.639	0.639	30.008
159453123_0	9B	7	1409.3	2590	-0.456	0.456	26.404
159453123_0	9B	8	2429.4	2170	0.12	0.107	5.409
159453123_0	9B	9	1091.3	1754	-0.378	0.378	17.57
159453123_0	9B	10	877.6	1402	-0.374	0.374	15.533
159453123_0	9B	11	1030.6	1545	-0.333	0.333	14.334
159453123_0	9B	12	332	1551	-0.786	0.786	39.728
159453123_0	9B	13	846.7	1707	-0.504	0.504	24.076
159453123_0	9B	14	1480	1609	-0.08	0.08	3.282
159453123_0	9B	15	741.5	1382	-0.463	0.463	19.657
159453123_0	9B	16	967.3	1443	-0.33	0.33	13.703
159453123_0	9B	17	946.3	1606	-0.411	0.411	18.467
159453123_0	9B	18	1558.4	1280	0.218	0.179	7.39
159453123_0	9B	19	1841.1	1139	0.616	0.381	18.189
159453123_0	9B	20	1141.7	1132	0.009	0.008	0.288
159453123_0	9B	21	795	847	-0.061	0.061	1.815
160295212_1	52A	7	110	480	-0.771	0.771	21.542
160295212_1	52A	8	564	455	0.24	0.193	4.829
160295212_1	52A	9	305.8	472	-0.352	0.352	8.428
160295212_1	52A	16	550.2	749	-0.265	0.265	7.8
160295212_1	52A	17	391.7	873	-0.551	0.551	19.14
160295212_1	52A	18	886.5	927	-0.044	0.044	1.345
160295212_1_r	52B	7	927.2	1215	-0.237	0.237	8.794
160295212_1_r	52B	8	1143	1118	0.022	0.022	0.744
160295212_1_r	52B	9	1192.7	1086	0.098	0.089	3.161
160295212_1_r	52B	16	520.5	906	-0.425	0.425	14.435
160295212_1_r	52B	17	421.2	965	-0.564	0.564	20.656
160295212_1_r	52B	18	494.3	1097	-0.549	0.549	21.367
166341477_0	105B	7	353.6	610	-0.42	0.42	11.681
166341477_0	105B	8	907.5	560	0.621	0.383	12.829
166341477_0	105B	9	782.8	592	0.322	0.244	7.277
166341477_0	105B	16	564.3	980	-0.424	0.424	14.96
166341477_0	105B	17	484.4	1321	-0.633	0.633	27.845
166341477_0	105B	18	1021.7	1297	-0.212	0.212	8.085
166341480_0	105A	7	1293.6	1141	0.134	0.118	4.374
166341480_0	105A	8	1786.3	1056	0.692	0.409	19.372
166341480_0	105A	9	993	793	0.252	0.201	6.693
166341480_0	105A	16	393.8	700	-0.437	0.437	13.093
166341480_0	105A	17	866.2	750	0.155	0.134	4.088
166341480_0	105A	18	1224.6	745	0.644	0.392	15.283
166974547_0	50B	7	967.8	1038	-0.068	0.068	2.217
166974547_0	50B	8	1004.6	1128	-0.109	0.109	3.779
166974547_0	50B	9	399.9	1031	-0.612	0.612	23.594
166974547_0	50B	16	618.1	1059	-0.416	0.416	15.226
166974547_0	50B	17	518.9	1177	-0.559	0.559	22.6
166974547_0	50B	18	1163.8	1195	-0.026	0.026	0.908
166974547_0_r	50A	7	229.5	446	-0.485	0.485	11.78
166974547_0_r	50A	8	868	420	1.067	0.516	17.654
166974547_0_r	50A	9	1165.6	584	0.996	0.499	19.664
166974547_0_r	50A	16	184.7	696	-0.735	0.735	24.366
166974547_0_r	50A	17	217.8	881	-0.753	0.753	28.294
166974547_0_r	50A	18	125.7	836	-0.85	0.85	32.392
167874801_0	129A	7	786	960	-0.181	0.181	5.889
167874801_0	129A	8	842.7	812	0.038	0.036	1.067
167874801_0	129A	9	784.1	733	0.07	0.065	1.855
167874801_0	129A	16	699.6	839	-0.166	0.166	5.026
167874801_0	129A	17	813.4	1164	-0.301	0.301	11.15
167874801_0	129A	18	719.6	1325	-0.457	0.457	18.934
167932461_0	35B	7	1403.9	682	1.059	0.514	22.353
167932461_0	35B	8	1345.9	472	1.851	0.649	28.986
167932461_0	35B	9	776.7	423	0.836	0.455	14.442
167932461_0	35B	16	868	296	1.932	0.659	23.71
167932461_0	35B	17	806.2	456	0.768	0.434	13.94
167932461_0	35B	18	1622.4	483	2.359	0.702	35.118
167934489_6	55A	7	705.7	1555	-0.546	0.546	25.261
167934489_6	55A	8	1168	1272	-0.082	0.082	2.978
167934489_6	55A	9	1606.7	1315	0.222	0.182	7.632
167934489_6	55A	16	450.3	1459	-0.691	0.691	32.647
167934489_6	55A	17	461.1	1853	-0.751	0.751	40.92
167934489_6	55A	18	232.4	1950	-0.881	0.881	51.996
168024956_3	18B	7	444.3	651	-0.318	0.318	8.833
168024956_3	18B	8	223	497	-0.551	0.551	14.441
168024956_3	18B	9	47.9	373	-0.872	0.872	22.41
168024956_3	18B	17	149.9	727	-0.794	0.794	27.561
168024956_3	18B	18	238.6	776	-0.693	0.693	23.86
168024956_3	18B	19	128.5	486	-0.736	0.736	20.395
168024968_2	18A	7	103	322	-0.68	0.68	15.023
168024968_2	18A	8	383.4	350	0.095	0.087	1.744
168024968_2	18A	9	461.9	393	0.175	0.149	3.333
168024968_2	18A	17	241	685	-0.648	0.648	20.634
168024968_2	18A	18	384.5	693	-0.445	0.445	13.291
168024968_2	18A	19	542.8	513	0.058	0.055	1.297
172844255_0	110B	7	893.1	2820	-0.683	0.683	44.72
172844255_0	110B	8	3233.9	3752	-0.138	0.138	8.766
172844255_0	110B	9	2649.9	2788	-0.05	0.05	2.648
172844255_0	110B	16	1610.9	2454	-0.344	0.344	18.701
172844255_0	110B	17	845.6	3321	-0.745	0.745	54.234
172844255_0	110B	18	2077	4034	-0.485	0.485	35.404
173294230_0	110A	7	369.1	2531	-0.854	0.854	56.773
173294230_0	110A	8	2900.1	2030	0.429	0.3	17.525
173294230_0	110A	9	2367	1754	0.349	0.259	13.504
173294230_0	110A	16	604.9	2198	-0.725	0.725	42.555
173294230_0	110A	17	658.4	3064	-0.785	0.785	55.761
173294230_0	110A	18	1571.3	3236	-0.514	0.514	33.955
176085737_2	9A	7	2282.8	3244	-0.296	0.296	18.285
176085737_2	9A	8	1609	3286	-0.51	0.51	33.898
176085737_2	9A	9	1760.2	3801	-0.537	0.537	38.702
176085737_2	9A	10	1695.8	2379	-0.287	0.287	15.136
176085737_2	9A	11	1447	2384	-0.393	0.393	21.409
176085737_2	9A	12	2188.1	2737	-0.201	0.201	11.061
176085737_2	9A	13	1778.8	2822	-0.37	0.37	21.75
176085737_2	9A	14	413.8	2327	-0.822	0.822	51.682
176085737_2	9A	15	596.4	2535	-0.765	0.765	48.993
176085737_2	9A	16	751.6	2282	-0.671	0.671	39.295
176085737_2	9A	17	1072.1	2824	-0.62	0.62	39.693
176085737_2	9A	18	1085.7	3204	-0.661	0.661	45.739
176085737_2	9A	19	1249.2	1992	-0.373	0.373	18.452
176085737_2	9A	20	1299.9	1562	-0.168	0.168	6.929
176085737_2	9A	21	888.7	1521	-0.416	0.416	18.216
177318238_0	102C	6	110	1024	-0.893	0.893	38.384
177318238_0	102C	7	1358.2	2943	-0.538	0.538	34.174
177318238_0	102C	8	3835.2	3484	0.101	0.092	5.805
177318238_0	102C	9	2772.5	2879	-0.037	0.037	2.003
177318238_0	102C	10	829.9	2402	-0.654	0.654	39.108
177318238_0	102C	11	896.2	2619	-0.658	0.658	41.094
177318238_0	102C	12	1115.1	2707	-0.588	0.588	36.415
177318238_0	102C	13	1621.5	2962	-0.453	0.453	28.002
177318238_0	102C	14	2723.6	3606	-0.245	0.245	15.685
177318238_0	102C	15	1074.8	3187	-0.663	0.663	45.757
177318238_0	102C	16	1017.6	3182	-0.68	0.68	47.233
177318238_0	102C	17	1417	3716	-0.619	0.619	45.38
177318238_0	102C	18	3104.3	2863	0.084	0.078	4.418
177318238_0	102C	19	4516.3	2818	0.603	0.376	28.045
177318238_0	102C	20	2645.9	2298	0.151	0.131	6.997
177318238_0	102C	21	1993.5	1966	0.014	0.014	0.618
185966977_2	121A	7	2567	3074	-0.165	0.165	9.547
185966977_2	121A	8	3651.7	2800	0.304	0.233	14.996
185966977_2	121A	9	2304.6	2227	0.035	0.034	1.63
185966977_2	121A	16	315	1753	-0.82	0.82	44.72
185966977_2	121A	17	600.9	1952	-0.692	0.692	37.817
185966977_2	121A	18	1032	2062	-0.5	0.5	26.187
198197233_1	28A	7	920	809	0.137	0.121	3.775
198197233_1	28A	8	3328.1	790	3.213	0.763	55.934
198197233_1	28A	9	2730.4	944	1.892	0.654	41.677
198197233_1	28A	16	820	1241	-0.339	0.339	13.115
198197233_1	28A	17	763.9	1904	-0.599	0.599	31.216
198197233_1	28A	18	1878.3	2561	-0.267	0.267	14.491
203830401_0	2A	7	321.5	1391	-0.769	0.769	36.549
203830401_0	2A	8	810.3	1219	-0.335	0.335	12.831
203830401_0	2A	9	634.2	1065	-0.405	0.405	14.78
203830401_0	2A	16	150.3	998	-0.849	0.849	35.378
203830401_0	2A	17	850	1116	-0.238	0.238	8.484
203830401_0	2A	18	1084	1037	0.045	0.043	1.443
218949798_0	37B	7	3442.2	2674	0.287	0.223	13.891
218949798_0	37B	8	4087.3	1822	1.243	0.554	41.675
218949798_0	37B	9	1598.3	1687	-0.053	0.053	2.189
218949798_0	37B	17	0	2278	-1	1	67.498
218949798_0	37B	18	462.3	2275	-0.797	0.797	48.998
219319873_0	37C	7	98.2	2584	-0.962	0.962	67.879
219319873_0	37C	8	672.5	2196	-0.694	0.694	40.228
219319873_0	37C	9	437.8	1821	-0.76	0.76	41.159
219319873_0	37C	17	1427.3	2937	-0.514	0.514	32.318
219319873_0	37C	18	3925.1	3282	0.196	0.164	10.713
231442865_0	37D	7	0	196	-1	1	19.799
231442865_0	37D	8	0	145	-1	1	17.029
231442865_0	37D	9	0	190	-1	1	19.494
231442865_0	37D	17	0	259	-1	1	22.76
231442865_0	37D	18	0	302	-1	1	24.576
232285691_0	47A	7	595.4	1059	-0.438	0.438	16.119
232285691_0	47A	8	2085.1	1202	0.735	0.424	21.783
232285691_0	47A	9	1109.4	1107	0.002	0.002	0.072
232285691_0	47A	16	90	696	-0.871	0.871	30.569
232285691_0	47A	17	1119.8	915	0.224	0.183	6.421
232285691_0	47A	18	1276.5	738	0.73	0.422	16.967
232666440_0	102B	6	299.7	1701	-0.824	0.824	44.305
232666440_0	102B	7	2775	2888	-0.039	0.039	2.124
232666440_0	102B	8	4698.4	2766	0.699	0.411	31.631
232666440_0	102B	9	3619.8	2486	0.456	0.313	20.52
232666440_0	102B	10	3855.9	2561	0.506	0.336	22.861
232666440_0	102B	11	3070.6	2045	0.502	0.334	20.279
232666440_0	102B	12	3154.3	2273	0.388	0.279	16.918
232666440_0	102B	13	1984.2	2027	-0.021	0.021	0.956
232666440_0	102B	14	1357.7	2326	-0.416	0.416	22.562
232666440_0	102B	15	1060.8	2319	-0.543	0.543	30.607
232666440_0	102B	16	1421.3	2319	-0.387	0.387	20.758
232666440_0	102B	17	1256.8	3127	-0.598	0.598	39.946
232666440_0	102B	18	1975	2820	-0.3	0.3	17.257
232666440_0	102B	19	3143.3	2471	0.272	0.214	12.689
232666440_0	102B	20	1446	1850	-0.218	0.218	9.952
232666440_0	102B	21	854.2	1149	-0.257	0.257	9.315
247127656_2	34A	7	474.7	1115	-0.574	0.574	22.711
247127656_2	34A	8	787.9	986	-0.201	0.201	6.652
247127656_2	34A	9	699.2	882	-0.207	0.207	6.501
247127656_2	34A	16	609.7	942	-0.353	0.353	11.93
247127656_2	34A	17	798.8	1178	-0.322	0.322	12.062
247127656_2	34A	18	887.4	1384	-0.359	0.359	14.736
253155021_1	LC1B	7	810	971	-0.166	0.166	5.395
253155021_1	LC1B	8	500	1046	-0.522	0.522	19.638
253155021_1	LC1B	9	240	1101	-0.782	0.782	33.251
253155021_1	LC1B	10	250	1000	-0.75	0.75	30
253155021_1	LC1B	11	0	884	-1	1	42.048
253155021_1	LC1B	12	60	852	-0.93	0.93	37.089
253155021_1	LC1B	13	0	1125	-1	1	47.434
253155021_1	LC1B	14	0	1036	-1	1	45.519
253155021_1	LC1B	15	0	1036	-1	1	45.519
253155021_1	LC1B	16	20	939	-0.979	0.979	41.968
253155021_1	LC1B	17	0	1335	-1	1	51.672
254882882_0	19A	7	282.6	523	-0.46	0.46	11.978
254882882_0	19A	8	737.6	562	0.312	0.238	6.889
254882882_0	19A	9	515.9	560	-0.079	0.079	1.901
254882882_0	19A	16	272.3	607	-0.551	0.551	15.963
254882882_0	19A	17	492.4	962	-0.488	0.488	17.414
254882882_0	19A	18	1038.6	962	0.08	0.074	2.422
312827973_2	LC3A	7	0	11	-1	1	4.69
312827973_2	LC3A	8	0	10	-1	1	4.472
312827973_2	LC3A	9	0	19	-1	1	6.164
312827973_2	LC3A	10	0	10	-1	1	4.472
312827973_2	LC3A	11	0	19	-1	1	6.164
312827973_2	LC3A	12	0	28	-1	1	7.483
312827973_2	LC3A	13	0	10	-1	1	4.472
312827973_2	LC3A	14	0	20	-1	1	6.325
312827973_2	LC3A	15	0	18	-1	1	6
312827973_2	LC3A	16	0	15	-1	1	5.477
312827973_2	LC3A	17	0	17	-1	1	5.831
319339783_0	5A	7	0	237	-1	1	21.772
319339783_0	5A	8	30	175	-0.829	0.829	14.322
319339783_0	5A	9	0	175	-1	1	18.708
319339783_0	5A	16	0	249	-1	1	22.316
319339783_0	5A	17	0	401	-1	1	28.32
319339783_0	5A	18	110	428	-0.743	0.743	19.389
319339783_0_r	5B	7	30	422	-0.929	0.929	26.075
319339783_0_r	5B	8	300	352	-0.148	0.148	2.88
319339783_0_r	5B	9	296.3	215	0.378	0.274	5.085
319339783_0_r	5B	16	0	198	-1	1	19.9
319339783_0_r	5B	17	0	308	-1	1	24.819
319339783_0_r	5B	18	0	301	-1	1	24.536
356041100_0	LC3B	7	0	15	-1	1	5.477
356041100_0	LC3B	8	0	7	-1	1	3.742
356041100_0	LC3B	9	0	20	-1	1	6.325
356041100_0	LC3B	10	0	13	-1	1	5.099
356041100_0	LC3B	11	0	10	-1	1	4.472
356041100_0	LC3B	12	0	21	-1	1	6.481
356041100_0	LC3B	13	0	10	-1	1	4.472
356041100_0	LC3B	14	0	14	-1	1	5.292
356041100_0	LC3B	15	0	11	-1	1	4.69
356041100_0	LC3B	16	20	11	0.818	0.45	2.286
356041100_0	LC3B	17	0	17	-1	1	5.831
35893653_0	17A	6	1042.5	4778	-0.782	0.782	69.244
35893653_0	17A	7	9890.3	6339	0.56	0.359	39.423
35893653_0	17A	8	10818	6768	0.598	0.374	43.19
35893653_0	17A	9	9498.7	5608	0.694	0.41	44.767
35893653_0	17A	10	10629.8	5244	1.027	0.507	60.454
35893653_0	17A	11	10713.2	5359	0.999	0.5	59.727
35893653_0	17A	12	9866.2	5995	0.646	0.392	43.47
35893653_0	17A	13	5045.9	6582	-0.233	0.233	20.146
35893653_0	17A	14	3216.5	5136	-0.374	0.374	29.703
35893653_0	17A	15	2226.1	5072	-0.561	0.561	47.112
35893653_0	17A	16	2000.8	5268	-0.62	0.62	54.195
35893653_0	17A	17	2335.5	5675	-0.588	0.588	52.768
35893653_0	17A	18	3018.6	6276	-0.519	0.519	47.783
35893653_0	17A	19	4499.6	5314	-0.153	0.153	11.626
35893653_0	17A	20	2143.9	4298	-0.501	0.501	37.955
35893653_0	17A	21	1804	3664	-0.508	0.508	35.572
35893655_0	17B	6	230	2137	-0.892	0.892	55.433
35893655_0	17B	7	1867.2	5815	-0.679	0.679	63.698
35893655_0	17B	8	4844.2	4951	-0.022	0.022	1.526
35893655_0	17B	9	2684.3	4723	-0.432	0.432	33.5
35893655_0	17B	10	1864.6	6322	-0.705	0.705	69.67
35893655_0	17B	11	2220.5	5966	-0.628	0.628	58.543
35893655_0	17B	12	1756	5852	-0.7	0.7	66.411
35893655_0	17B	13	3072.3	5577	-0.449	0.449	38.087
35893655_0	17B	14	4392.4	6639	-0.338	0.338	30.25
35893655_0	17B	15	2317	6939	-0.666	0.666	67.941
35893655_0	17B	16	2666.7	6436	-0.586	0.586	55.872
35893655_0	17B	17	5042.2	7224	-0.302	0.302	27.86
35893655_0	17B	18	9428.6	8126	0.16	0.138	13.904
35893655_0	17B	19	10924.1	8331	0.311	0.237	26.428
35893655_0	17B	20	11167.3	5903	0.892	0.471	56.982
35893655_0	17B	21	4925.1	5802	-0.151	0.151	11.974
35893748_0	LC6A	7	730	903	-0.192	0.192	6.054
35893748_0	LC6A	8	1177.3	697	0.689	0.408	15.689
35893748_0	LC6A	9	240	660	-0.636	0.636	19.799
35893748_0	LC6A	10	0	687	-1	1	37.068
35893748_0	LC6A	11	30	538	-0.944	0.944	30.144
35893748_0	LC6A	12	190	704	-0.73	0.73	24.311
35893748_0	LC6A	13	240	762	-0.685	0.685	23.321
35893748_0	LC6A	14	0	691	-1	1	37.175
35893748_0	LC6A	15	210	712	-0.705	0.705	23.38
35893748_0	LC6A	16	120	556	-0.784	0.784	23.715
35893748_0	LC6A	17	300	859	-0.651	0.651	23.221
35897292_0	49C	6	0	1274	-1	1	50.478
35897292_0	49C	7	78.9	2686	-0.971	0.971	70.119
35897292_0	49C	8	758.7	2366	-0.679	0.679	40.664
35897292_0	49C	9	215.7	2099	-0.897	0.897	55.359
35897292_0	49C	10	442	1947	-0.773	0.773	43.546
35897292_0	49C	11	166.6	2152	-0.923	0.923	58.311
35897292_0	49C	12	213	2508	-0.915	0.915	62.22
35897292_0	49C	13	859.9	2252	-0.618	0.618	35.292
35897292_0	49C	14	841.3	2344	-0.641	0.641	37.654
35897292_0	49C	15	973.4	2460	-0.604	0.604	35.88
35897292_0	49C	16	781.4	4551	-0.828	0.828	73.004
35897292_0	49C	17	1644.4	4670	-0.648	0.648	53.847
35897292_0	49C	18	3595	3019	0.191	0.16	10.016
35897292_0	49C	19	3176	2363	0.344	0.256	15.449
35897292_0	49C	20	2146.9	1978	0.085	0.079	3.719
35897292_0	49C	21	1632.7	2147	-0.24	0.24	11.83
365923813_1	SL5B	6	90	825	-0.891	0.891	34.363
365923813_1	SL5B	7	735.7	841	-0.125	0.125	3.75
365923813_1	SL5B	8	1178.9	736	0.602	0.376	14.314
365923813_1	SL5B	9	222.7	811	-0.725	0.725	25.877
365923813_1	SL5B	10	0	715	-1	1	37.815
365923813_1	SL5B	11	30	837	-0.964	0.964	38.76
365923813_1	SL5B	12	208.5	698	-0.701	0.701	22.992
365923813_1	SL5B	13	221.5	840	-0.736	0.736	26.847
365923813_1	SL5B	14	0	786	-1	1	39.648
365923813_1	SL5B	15	210	780	-0.731	0.731	25.62
365923813_1	SL5B	16	120	832	-0.856	0.856	32.634
365923813_1	SL5B	17	300	837	-0.642	0.642	22.522
365923813_1	SL5B	18	206.1	844	-0.756	0.756	27.839
365923813_1	SL5B	19	63.9	678	-0.906	0.906	31.885
385774390_1	2B	7	280	641	-0.563	0.563	16.823
385774390_1	2B	8	1286.7	660	0.95	0.487	20.087
385774390_1	2B	9	1151.7	792	0.454	0.312	11.538
385774390_1	2B	16	213.1	1090	-0.804	0.804	34.354
385774390_1	2B	17	566.7	1428	-0.603	0.603	27.273
385774390_1	2B	18	961.2	1543	-0.377	0.377	16.442
413762920_0	37A	7	535.8	984	-0.455	0.455	16.259
413762920_0	37A	8	654.5	610	0.073	0.068	1.77
413762920_0	37A	9	69.1	505	-0.863	0.863	25.728
413762920_0	37A	17	230.2	528	-0.564	0.564	15.295
413762920_0	37A	18	340.7	764	-0.554	0.554	18.011
414043854_0	30B	6	50	1461	-0.966	0.966	51.335
414043854_0	30B	7	1062.4	3023	-0.649	0.649	43.38
414043854_0	30B	8	2197.6	2375	-0.075	0.075	3.71
414043854_0	30B	9	845.8	2297	-0.632	0.632	36.609
414043854_0	30B	10	109.3	2534	-0.957	0.957	66.696
414043854_0	30B	11	520	2381	-0.782	0.782	48.864
414043854_0	30B	12	540.3	2721	-0.801	0.801	54.003
414043854_0	30B	13	409	2537	-0.839	0.839	55.446
414043854_0	30B	14	879.2	2856	-0.692	0.692	45.743
414043854_0	30B	15	237.1	2865	-0.917	0.917	66.726
414043854_0	30B	16	926.6	3093	-0.7	0.7	48.324
414043854_0	30B	17	1177.8	3568	-0.67	0.67	49.068
414043854_0	30B	18	1945	3956	-0.508	0.508	37.022
414043854_0	30B	19	2834.5	2829	0.002	0.002	0.103
414043854_0	30B	20	2968.2	2102	0.412	0.292	17.204
414043854_0	30B	21	1497.7	2128	-0.296	0.296	14.804
414043855_1	55C	7	3312	3612	-0.083	0.083	5.099
414043855_1	55C	8	4120.3	2589	0.591	0.372	26.438
414043855_1	55C	9	3030.5	2259	0.342	0.255	15.002
414043855_1	55C	16	579.7	1940	-0.701	0.701	38.324
414043855_1	55C	17	1045.3	3023	-0.654	0.654	43.85
414043855_1	55C	18	1148.1	2551	-0.55	0.55	32.621
414043856_1	55B	7	1010	3404	-0.703	0.703	50.959
414043856_1	55B	8	2708.6	2590	0.046	0.044	2.304
414043856_1	55B	9	1686.2	2158	-0.219	0.219	10.761
414043856_1	55B	16	1584.7	1925	-0.177	0.177	8.123
414043856_1	55B	17	1926.7	3371	-0.428	0.428	28.063
414043856_1	55B	18	3741.9	3861	-0.031	0.031	1.932
414043859_0	30A	6	50	134	-0.627	0.627	8.758
414043859_0	30A	7	409.6	501	-0.182	0.182	4.283
414043859_0	30A	8	515.2	440	0.171	0.146	3.441
414043859_0	30A	9	521.5	329	0.585	0.369	9.335
414043859_0	30A	10	145.7	410	-0.645	0.645	15.856
414043859_0	30A	11	0	472	-1	1	30.725
414043859_0	30A	12	100.6	565	-0.822	0.822	25.457
414043859_0	30A	13	177.4	754	-0.765	0.765	26.719
414043859_0	30A	14	24.4	497	-0.951	0.951	29.27
414043859_0	30A	15	67.2	542	-0.876	0.876	27.205
414043859_0	30A	16	418.9	628	-0.333	0.333	9.139
414043859_0	30A	17	324.5	1186	-0.726	0.726	31.348
414043859_0	30A	18	673.9	1872	-0.64	0.64	33.581
414043859_0	30A	19	1238.7	737	0.681	0.405	15.962
414043859_0	30A	20	1062.8	466	1.281	0.562	21.586
414043859_0	30A	21	71	477	-0.851	0.851	24.527
414043864_2	30D	6	40	1614	-0.975	0.975	54.733
414043864_2	30D	7	1430.1	2757	-0.481	0.481	29
414043864_2	30D	8	1868.1	1713	0.091	0.083	3.665
414043864_2	30D	9	1526	1312	0.163	0.14	5.681
414043864_2	30D	10	163.2	1229	-0.867	0.867	40.396
414043864_2	30D	11	180	1522	-0.882	0.882	46.003
414043864_2	30D	12	170	1801	-0.906	0.906	51.955
414043864_2	30D	13	150	1831	-0.918	0.918	53.412
414043864_2	30D	14	219.9	1579	-0.861	0.861	45.317
414043864_2	30D	15	130	1450	-0.91	0.91	46.963
414043864_2	30D	16	170	1524	-0.888	0.888	46.524
414043864_2	30D	17	309.9	2242	-0.862	0.862	54.089
414043864_2	30D	18	166.9	2581	-0.935	0.935	65.128
414043864_2	30D	19	476.7	2072	-0.77	0.77	44.689
414043864_2	30D	20	202.1	1101	-0.816	0.816	35.216
414043864_2	30D	21	123.4	1529	-0.919	0.919	48.901
414279356_0	LC6B	7	523.7	665	-0.212	0.212	5.796
414279356_0	LC6B	8	756.3	742	0.019	0.019	0.522
414279356_0	LC6B	9	10.5	682	-0.985	0.985	36.087
414279356_0	LC6B	10	0	624	-1	1	35.327
414279356_0	LC6B	11	0	597	-1	1	34.554
414279356_0	LC6B	12	142.7	568	-0.749	0.749	22.561
414279356_0	LC6B	13	111.3	612	-0.818	0.818	26.329
414279356_0	LC6B	14	300	450	-0.333	0.333	7.746
414279356_0	LC6B	15	10	579	-0.983	0.983	33.157
414279356_0	LC6B	16	180	681	-0.736	0.736	24.146
414279356_0	LC6B	17	80	930	-0.914	0.914	37.825
434689238_1	46A	7	1029.6	1229	-0.162	0.162	5.934
434689238_1	46A	8	1043.6	1298	-0.196	0.196	7.435
434689238_1	46A	9	1075.6	986	0.091	0.083	2.791
434689238_1	46A	16	0	803	-1	1	40.075
434689238_1	46A	17	0	724	-1	1	38.053
434689238_1	46A	18	40	951	-0.958	0.958	40.926
45573785_0	SL5A	6	0	423	-1	1	29.086
45573785_0	SL5A	7	450	695	-0.353	0.353	10.239
45573785_0	SL5A	8	630.3	776	-0.188	0.188	5.495
45573785_0	SL5A	9	45.6	780	-0.942	0.942	36.146
45573785_0	SL5A	10	0	709	-1	1	37.656
45573785_0	SL5A	11	0	740	-1	1	38.471
45573785_0	SL5A	12	79.4	669	-0.881	0.881	30.479
45573785_0	SL5A	13	60.6	691	-0.912	0.912	32.519
45573785_0	SL5A	14	300	772	-0.611	0.611	20.387
45573785_0	SL5A	15	10	848	-0.988	0.988	40.459
45573785_0	SL5A	16	90	867	-0.896	0.896	35.521
45573785_0	SL5A	17	0	926	-1	1	43.035
45573785_0	SL5A	18	552.9	877	-0.37	0.37	12.121
45573785_0	SL5A	19	418.1	783	-0.466	0.466	14.89
470854274_0	LC4B	7	10	65	-0.846	0.846	8.981
470854274_0	LC4B	8	90	92	-0.022	0.022	0.21
470854274_0	LC4B	9	0	112	-1	1	14.967
470854274_0	LC4B	10	0	158	-1	1	17.776
470854274_0	LC4B	11	0	181	-1	1	19.026
470854274_0	LC4B	12	0	103	-1	1	14.353
470854274_0	LC4B	13	0	69	-1	1	11.747
470854274_0	LC4B	14	0	143	-1	1	16.912
470854274_0	LC4B	15	0	121	-1	1	15.556
470854274_0	LC4B	16	0	199	-1	1	19.95
470854274_0	LC4B	17	0	178	-1	1	18.868
470854274_0_r	LC4A	7	0	162	-1	1	18
470854274_0_r	LC4A	8	20	155	-0.871	0.871	14.432
470854274_0_r	LC4A	9	10	199	-0.95	0.95	18.489
470854274_0_r	LC4A	10	0	140	-1	1	16.733
470854274_0_r	LC4A	11	0	159	-1	1	17.833
470854274_0_r	LC4A	12	0	84	-1	1	12.961
470854274_0_r	LC4A	13	0	112	-1	1	14.967
470854274_0_r	LC4A	14	0	108	-1	1	14.697
470854274_0_r	LC4A	15	0	139	-1	1	16.673
470854274_0_r	LC4A	16	0	110	-1	1	14.832
470854274_0_r	LC4A	17	10	131	-0.924	0.924	14.411
472820227_1	36A	7	1252.2	990	0.265	0.209	7.831
472820227_1	36A	8	1089.9	732	0.489	0.328	11.858
472820227_1	36A	9	664.3	496	0.339	0.253	6.987
472820227_1	36A	16	20	368	-0.946	0.946	24.985
472820227_1	36A	17	273.7	493	-0.445	0.445	11.201
472820227_1	36A	18	8.1	610	-0.987	0.987	34.238
472820227_1_r	36B	7	40	390	-0.897	0.897	23.87
472820227_1_r	36B	8	255.3	358	-0.287	0.287	5.865
472820227_1_r	36B	9	85.1	426	-0.8	0.8	21.325
472820227_1_r	36B	16	0.8	637	-0.999	0.999	35.626
472820227_1_r	36B	17	196.5	813	-0.758	0.758	27.441
472820227_1_r	36B	18	810	932	-0.131	0.131	4.134
562609007_0	SL3B	6	30	169	-0.822	0.822	13.935
562609007_0	SL3B	7	70	227	-0.692	0.692	12.884
562609007_0	SL3B	8	160	197	-0.188	0.188	2.769
562609007_0	SL3B	9	398.1	189	1.106	0.525	12.204
562609007_0	SL3B	10	14.4	191	-0.925	0.925	17.426
562609007_0	SL3B	11	303.5	198	0.533	0.348	6.662
562609007_0	SL3B	12	410.6	231	0.777	0.437	10.027
562609007_0	SL3B	13	214.1	220	-0.027	0.027	0.4
562609007_0	SL3B	14	163.6	232	-0.295	0.295	4.863
562609007_0	SL3B	15	200	259	-0.228	0.228	3.895
562609007_0	SL3B	16	172.9	222	-0.221	0.221	3.494
562609007_0	SL3B	17	438	286	0.531	0.347	7.989
562609007_0	SL3B	18	502.5	334	0.504	0.335	8.239
562609007_0	SL3B	19	1129	238	3.744	0.789	34.081
562609010_0	SL3A	6	90	217	-0.585	0.585	10.251
562609010_0	SL3A	7	657.9	397	0.657	0.397	11.36
562609010_0	SL3A	8	1078.5	275	2.922	0.745	30.887
562609010_0	SL3A	9	1097	204	4.377	0.814	35.013
562609010_0	SL3A	10	850	183	3.645	0.785	29.349
562609010_0	SL3A	11	0	199	-1	1	19.95
562609010_0	SL3A	12	0	260	-1	1	22.804
562609010_0	SL3A	13	200	262	-0.237	0.237	4.079
562609010_0	SL3A	14	100	240	-0.583	0.583	10.738
562609010_0	SL3A	15	200	194	0.031	0.03	0.427
562609010_0	SL3A	16	200	266	-0.248	0.248	4.324
562609010_0	SL3A	17	30	315	-0.905	0.905	21.7
562609010_0	SL3A	18	70	296	-0.764	0.764	16.706
562609010_0	SL3A	19	330	236	0.398	0.285	5.588
569338042_1	107A	7	502.8	1107	-0.546	0.546	21.297
569338042_1	107A	8	2559.1	1383	0.85	0.46	26.491
569338042_1	107A	9	2164.8	1024	1.114	0.527	28.57
569338042_1	107A	16	248.1	838	-0.704	0.704	25.314
569338042_1	107A	17	546.6	1454	-0.624	0.624	28.69
569338042_1	107A	18	780.4	1174	-0.335	0.335	12.591
569338045_0	107B	7	256	914	-0.72	0.72	27.205
569338045_0	107B	8	594.4	1084	-0.452	0.452	16.901
569338045_0	107B	9	425.6	697	-0.389	0.389	11.455
569338045_0	107B	16	615.2	934	-0.341	0.341	11.455
569338045_0	107B	17	397.9	1289	-0.691	0.691	30.683
569338045_0	107B	18	1200.4	1633	-0.265	0.265	11.493
573531413_1	46B	7	150	417	-0.64	0.64	15.858
573531413_1	46B	8	528.3	563	-0.062	0.062	1.485
573531413_1	46B	9	384.7	572	-0.327	0.327	8.564
573531413_1	46B	16	10.5	765	-0.986	0.986	38.316
573531413_1	46B	17	107.9	1008	-0.893	0.893	38.106
573531413_1	46B	18	41.1	1018	-0.96	0.96	42.452
575650868_2	LC1A	7	0	1046	-1	1	45.738
575650868_2	LC1A	8	40	1087	-0.963	0.963	44.106
575650868_2	LC1A	9	0	955	-1	1	43.704
575650868_2	LC1A	10	0	690	-1	1	37.148
575650868_2	LC1A	11	0	778	-1	1	39.446
575650868_2	LC1A	12	46.1	899	-0.949	0.949	39.235
575650868_2	LC1A	13	113.9	800	-0.858	0.858	32.096
575650868_2	LC1A	14	0	665	-1	1	36.469
575650868_2	LC1A	15	140	765	-0.817	0.817	29.381
575650868_2	LC1A	16	120	882	-0.864	0.864	34.044
575650868_2	LC1A	17	460	1086	-0.576	0.576	22.516
627942651_1	39B	7	0	154	-1	1	17.55
627942651_1	39B	8	267.3	217	0.232	0.188	3.232
627942651_1	39B	9	110	277	-0.603	0.603	12.005
627942651_1	39B	16	0	241	-1	1	21.954
627942651_1	39B	17	0	506	-1	1	31.812
627942651_1	39B	18	103.9	507	-0.795	0.795	23.064
627942651_1_r	39A	7	367.8	787	-0.533	0.533	17.445
627942651_1_r	39A	8	748.4	728	0.028	0.027	0.751
627942651_1_r	39A	9	789.2	571	0.382	0.276	8.367
627942651_1_r	39A	16	0	295	-1	1	24.29
627942651_1_r	39A	17	0	355	-1	1	26.646
627942651_1_r	39A	18	70	389	-0.82	0.82	21.057
655429848_0	LC5B	7	0.3	20	-0.985	0.985	6.183
655429848_0	LC5B	8	0	27	-1	1	7.348
655429848_0	LC5B	9	0	11	-1	1	4.69
655429848_0	LC5B	10	0	20	-1	1	6.325
655429848_0	LC5B	11	0	26	-1	1	7.211
655429848_0	LC5B	12	0	24	-1	1	6.928
655429848_0	LC5B	13	0	43	-1	1	9.274
655429848_0	LC5B	14	0	16	-1	1	5.657
655429848_0	LC5B	15	0	20	-1	1	6.325
655429848_0	LC5B	16	0	26	-1	1	7.211
655429848_0	LC5B	17	0	36	-1	1	8.485
655429848_0_r	LC5A	7	29.9	16	0.869	0.465	2.902
655429848_0_r	LC5A	8	5.9	16	-0.631	0.631	3.052
655429848_0_r	LC5A	9	13.9	15	-0.073	0.073	0.289
655429848_0_r	LC5A	10	0	18	-1	1	6
655429848_0_r	LC5A	11	0	13	-1	1	5.099
655429848_0_r	LC5A	12	0	22	-1	1	6.633
655429848_0_r	LC5A	13	0	25	-1	1	7.071
655429848_0_r	LC5A	14	0	18	-1	1	6
655429848_0_r	LC5A	15	0	13	-1	1	5.099
655429848_0_r	LC5A	16	0	16	-1	1	5.657
655429848_0_r	LC5A	17	0	45	-1	1	9.487
698776325_0	38B	7	80.6	608	-0.867	0.867	28.423
698776325_0	38B	8	196.9	457	-0.569	0.569	14.385
698776325_0	38B	9	285.2	369	-0.227	0.227	4.633
698776325_0	38B	16	0	159	-1	1	17.833
698776325_0	38B	17	0	212	-1	1	20.591
698776325_0	38B	18	104.5	256	-0.592	0.592	11.284
699467575_0	49D	6	0	558	-1	1	33.407
699467575_0	49D	7	198.9	1512	-0.868	0.868	44.895
699467575_0	49D	8	440.3	1296	-0.66	0.66	29.042
699467575_0	49D	9	1162.4	1150	0.011	0.011	0.365
699467575_0	49D	10	1116.4	1316	-0.152	0.152	5.723
699467575_0	49D	11	198	1487	-0.867	0.867	44.409
699467575_0	49D	12	112	1557	-0.928	0.928	50.021
699467575_0	49D	13	260.2	1676	-0.845	0.845	45.503
699467575_0	49D	14	122.9	1525	-0.919	0.919	48.846
699467575_0	49D	15	116.9	1670	-0.93	0.93	51.959
699467575_0	49D	16	215.8	1816	-0.881	0.881	50.205
699467575_0	49D	17	510.8	1899	-0.731	0.731	39.992
699467575_0	49D	18	1336.1	2188	-0.389	0.389	20.295
699467575_0	49D	19	2572.7	1538	0.673	0.402	22.823
699467575_0	49D	20	1451.2	1212	0.197	0.165	6.555
699467575_0	49D	21	800	1121	-0.286	0.286	10.358
699685407_5	43A	7	0	557	-1	1	33.377
699685407_5	43A	8	10.3	630	-0.984	0.984	34.634
699685407_5	43A	9	125.2	666	-0.812	0.812	27.19
699685407_5	43A	16	0	731	-1	1	38.236
699685407_5	43A	17	0	737	-1	1	38.393
699685407_5	43A	18	83.1	694	-0.88	0.88	30.992
780041148_0	40B	6	1401.8	4258	-0.671	0.671	53.691
780041148_0	40B	7	7288.9	4677	0.558	0.358	33.767
780041148_0	40B	8	7369.9	3684	1.001	0.5	49.579
780041148_0	40B	9	4887.6	3653	0.338	0.253	18.893
780041148_0	40B	10	3448.9	3517	-0.019	0.019	1.154
780041148_0	40B	11	1844.9	3494	-0.472	0.472	31.918
780041148_0	40B	12	1681	3518	-0.522	0.522	36.03
780041148_0	40B	13	1842.4	3416	-0.461	0.461	30.689
780041148_0	40B	14	2272.7	4421	-0.486	0.486	37.134
780041148_0	40B	15	2160.3	4282	-0.495	0.495	37.383
780041148_0	40B	16	1206.1	3616	-0.666	0.666	49.079
780041148_0	40B	17	1306	4338	-0.699	0.699	57.076
780041148_0	40B	18	1788.8	3898	-0.541	0.541	39.555
780041148_0	40B	19	3280.1	3223	0.018	0.017	1.001
780041148_0	40B	20	1342	2052	-0.346	0.346	17.235
780041148_0	40B	21	744.8	2250	-0.669	0.669	38.898
780387724_0	62B	7	1143.4	3867	-0.704	0.704	54.415
780387724_0	62B	8	2801.8	3101	-0.096	0.096	5.507
780387724_0	62B	9	1676.2	2873	-0.417	0.417	25.094
780387724_0	62B	16	2406.7	3268	-0.264	0.264	16.17
780387724_0	62B	17	4428.5	3862	0.147	0.128	8.799
780387724_0	62B	18	7405.2	3307	1.239	0.553	55.998
780387732_0	40A	6	140	2100	-0.933	0.933	58.566
780387732_0	40A	7	934.6	4707	-0.801	0.801	71.028
780387732_0	40A	8	2301.7	3982	-0.422	0.422	29.977
780387732_0	40A	9	1760.3	3708	-0.525	0.525	37.249
780387732_0	40A	10	446.2	3590	-0.876	0.876	69.982
780387732_0	40A	11	557	4990	-0.888	0.888	84.175
780387732_0	40A	12	671.9	4649	-0.855	0.855	77.106
780387732_0	40A	13	1666.2	4875	-0.658	0.658	56.109
780387732_0	40A	14	1889.1	3954	-0.522	0.522	38.203
780387732_0	40A	15	1247.5	4527	-0.724	0.724	61.033
780387732_0	40A	16	1929.4	4517	-0.573	0.573	45.578
780387732_0	40A	17	2559.6	5769	-0.556	0.556	49.734
780387732_0	40A	18	3973	5019	-0.208	0.208	15.6
780387732_0	40A	19	5792.7	5356	0.082	0.075	5.849
780387732_0	40A	20	3873.9	3672	0.055	0.052	3.287
780387732_0	40A	21	2684.2	2939	-0.087	0.087	4.805
822368641_8	33A	7	660.1	641	0.03	0.029	0.749
822368641_8	33A	8	1475.5	544	1.712	0.631	29.314
822368641_8	33A	9	1016.9	440	1.311	0.567	21.375
822368641_8	33A	16	0	420	-1	1	28.983
822368641_8	33A	17	30	628	-0.952	0.952	32.969
822368641_8	33A	18	410	608	-0.326	0.326	8.776
822368641_8_r	33B	7	110	403	-0.727	0.727	18.295
822368641_8_r	33B	8	80	362	-0.779	0.779	18.969
822368641_8_r	33B	9	229.7	395	-0.418	0.418	9.353
822368641_8_r	33B	16	158.3	506	-0.687	0.687	19.078
822368641_8_r	33B	17	911.7	713	0.279	0.218	6.972
822368641_8_r	33B	18	1140.3	752	0.516	0.341	12.624
834356151_16	SL2A	6	0	62	-1	1	11.136
834356151_16	SL2A	7	60	120	-0.5	0.5	6.325
834356151_16	SL2A	8	20	111	-0.82	0.82	11.244
834356151_16	SL2A	9	0.2	128	-0.998	0.998	15.963
834356151_16	SL2A	10	77.7	122	-0.363	0.363	4.433
834356151_16	SL2A	11	41.7	118	-0.647	0.647	8.539
834356151_16	SL2A	12	14.9	117	-0.873	0.873	12.572
834356151_16	SL2A	13	3.5	141	-0.975	0.975	16.176
834356151_16	SL2A	14	10	134	-0.925	0.925	14.614
834356151_16	SL2A	15	0	112	-1	1	14.967
834356151_16	SL2A	16	0	127	-1	1	15.937
834356151_16	SL2A	17	0	158	-1	1	17.776
834356151_16	SL2A	18	40	179	-0.777	0.777	13.283
834356151_16	SL2A	19	146	106	0.377	0.274	3.563
834356151_16_r	SL2B	6	0	121	-1	1	15.556
834356151_16_r	SL2B	7	135.5	164	-0.174	0.174	2.329
834356151_16_r	SL2B	8	213.2	122	0.748	0.428	7.045
834356151_16_r	SL2B	9	95.3	99	-0.037	0.037	0.375
834356151_16_r	SL2B	10	0	108	-1	1	14.697
834356151_16_r	SL2B	11	0	117	-1	1	15.297
834356151_16_r	SL2B	12	0	141	-1	1	16.793
834356151_16_r	SL2B	13	180	124	0.452	0.311	4.542
834356151_16_r	SL2B	14	40	132	-0.697	0.697	9.921
834356151_16_r	SL2B	15	40	108	-0.63	0.63	7.905
834356151_16_r	SL2B	16	21.4	133	-0.839	0.839	12.702
834356151_16_r	SL2B	17	18.6	153	-0.878	0.878	14.51
834356151_16_r	SL2B	18	0	138	-1	1	16.613
834356151_16_r	SL2B	19	20	63	-0.683	0.683	6.675
84718573_2	61A	6	0	480	-1	1	30.984
84718573_2	61A	7	623.2	629	-0.009	0.009	0.232
84718573_2	61A	8	1108.8	783	0.416	0.294	10.593
84718573_2	61A	9	849.7	652	0.303	0.233	7.215
84718573_2	61A	16	10	533	-0.981	0.981	31.741
84718573_2	61A	17	173.7	696	-0.75	0.75	25.047
84718573_2	61A	18	892.8	710	0.257	0.205	6.457
88529171_0	30C	6	376.4	3211	-0.883	0.883	66.929
88529171_0	30C	7	3131.9	3493	-0.103	0.103	6.274
88529171_0	30C	8	4658.1	2761	0.687	0.407	31.148
88529171_0	30C	9	2399.1	2096	0.145	0.126	6.393
88529171_0	30C	10	499.3	1885	-0.735	0.735	40.133
88529171_0	30C	11	448	1783	-0.749	0.749	39.971
88529171_0	30C	12	192	1794	-0.893	0.893	50.838
88529171_0	30C	13	460	2707	-0.83	0.83	56.467
88529171_0	30C	14	440.1	4278	-0.897	0.897	79.018
88529171_0	30C	15	87	4058	-0.979	0.979	87.227
88529171_0	30C	16	343	5592	-0.939	0.939	96.357
88529171_0	30C	17	719.4	6464	-0.889	0.889	95.854
88529171_0	30C	18	988.2	2417	-0.591	0.591	34.627
88529171_0	30C	19	1538.6	1818	-0.154	0.154	6.82
88529171_0	30C	20	650.5	974	-0.332	0.332	11.351
88529171_0	30C	21	781	681	0.147	0.128	3.699
88595092_2	SL1B	6	0	102	-1	1	14.283
88595092_2	SL1B	7	0	162	-1	1	18
88595092_2	SL1B	8	0	118	-1	1	15.362
88595092_2	SL1B	9	0	125	-1	1	15.811
88595092_2	SL1B	10	0	136	-1	1	16.492
88595092_2	SL1B	11	0	125	-1	1	15.811
88595092_2	SL1B	12	0	129	-1	1	16.062
88595092_2	SL1B	13	0	149	-1	1	17.263
88595092_2	SL1B	14	0	154	-1	1	17.55
88595092_2	SL1B	15	90	157	-0.427	0.427	6.029
88595092_2	SL1B	16	160	177	-0.096	0.096	1.31
88595092_2	SL1B	17	300.7	166	0.811	0.448	8.818
88595092_2	SL1B	18	9.3	155	-0.94	0.94	16.075
88595092_2	SL1B	19	0	97	-1	1	13.928
88595092_2_r	SL1A	6	230	76	2.026	0.67	12.45
88595092_2_r	SL1A	7	0	137	-1	1	16.553
88595092_2_r	SL1A	8	0	133	-1	1	16.31
88595092_2_r	SL1A	9	230	152	0.513	0.339	5.644
88595092_2_r	SL1A	10	220	145	0.517	0.341	5.552
88595092_2_r	SL1A	11	0	163	-1	1	18.055
88595092_2_r	SL1A	12	60	139	-0.568	0.568	7.92
88595092_2_r	SL1A	13	0	146	-1	1	17.088
88595092_2_r	SL1A	14	0	178	-1	1	18.868
88595092_2_r	SL1A	15	0	203	-1	1	20.149
88595092_2_r	SL1A	16	20	188	-0.894	0.894	16.474
88595092_2_r	SL1A	17	0	199	-1	1	19.95
88595092_2_r	SL1A	18	70	166	-0.578	0.578	8.838
88595092_2_r	SL1A	19	0	218	-1	1	20.881
887686186_14	41A	7	666.9	1003	-0.335	0.335	11.632
887686186_14	41A	8	941.9	1012	-0.069	0.069	2.243
887686186_14	41A	9	490	942	-0.48	0.48	16.892
887686186_14	41A	17	180.8	1369	-0.868	0.868	42.684
887686186_14	41A	18	709.9	1749	-0.594	0.594	29.635
933724289_2	108B	7	520	805	-0.354	0.354	11.073
933724289_2	108B	8	1131.5	862	0.313	0.238	8.536
933724289_2	108B	9	655	830	-0.211	0.211	6.422
933724289_2	108B	16	496.9	733	-0.322	0.322	9.521
933724289_2	108B	17	801.3	880	-0.089	0.089	2.714
933724289_2	108B	18	986.5	880	0.121	0.108	3.486
933724289_2_r	108A	7	1373.7	958	0.434	0.303	12.175
933724289_2_r	108A	8	1569	964	0.628	0.386	17
933724289_2_r	108A	9	1154	884	0.305	0.234	8.458
933724289_2_r	108A	16	447.5	615	-0.272	0.272	7.267
933724289_2_r	108A	17	758	859	-0.118	0.118	3.552
933724289_2_r	108A	18	799.3	906	-0.118	0.118	3.654
933924203_0	19B	7	250.5	465	-0.461	0.461	11.341
933924203_0	19B	8	397.9	411	-0.032	0.032	0.651
933924203_0	19B	9	350.8	158	1.22	0.55	12.088
933924203_0	19B	16	0	70	-1	1	11.832
933924203_0	19B	17	0	101	-1	1	14.213
933924203_0	19B	18	0	141	-1	1	16.793
946462711_1	42A	7	760.4	568	0.339	0.253	7.465
946462711_1	42A	8	1012.3	525	0.928	0.481	17.576
946462711_1	42A	9	891.8	497	0.794	0.443	14.982
946462711_1	42A	16	60	362	-0.834	0.834	20.791
946462711_1	42A	17	250	512	-0.512	0.512	13.423
946462711_1	42A	18	408.7	530	-0.229	0.229	5.599
955637783_0	47B	7	148.6	1435	-0.896	0.896	45.716
955637783_0	47B	8	1250.3	1276	-0.02	0.02	0.723
955637783_0	47B	9	901.1	1242	-0.274	0.274	10.414
955637783_0	47B	16	154	1690	-0.909	0.909	50.585
955637783_0	47B	17	594.8	1871	-0.682	0.682	36.346
955637783_0	47B	18	1135.5	1812	-0.373	0.373	17.622
959065640_0	55D	7	0	2395	-1	1	69.21
959065640_0	55D	8	30	1842	-0.984	0.984	59.227
959065640_0	55D	9	30.1	1622	-0.981	0.981	55.388
959065640_0	55D	16	0	1397	-1	1	52.858
959065640_0	55D	17	0	1861	-1	1	61.008
959065640_0	55D	18	0	1698	-1	1	58.275
973189134_0	54B	7	672.1	715	-0.06	0.06	1.629
973189134_0	54B	8	1094.4	807	0.356	0.263	9.321
973189134_0	54B	9	1486.7	1030	0.443	0.307	12.874
973189134_0	54B	16	318.3	1570	-0.797	0.797	40.736
973189134_0	54B	17	261.7	1723	-0.848	0.848	46.388
973189134_0	54B	18	190.1	1728	-0.89	0.89	49.66
973189143_0	54A	7	1072.4	1192	-0.1	0.1	3.554
973189143_0	54A	8	1345.7	1114	0.208	0.172	6.607
973189143_0	54A	9	1357	1363	-0.004	0.004	0.163
973189143_0	54A	16	1716.4	2599	-0.34	0.34	19.001
973189143_0	54A	17	1819.7	2102	-0.134	0.134	6.375
973189143_0	54A	18	1921.3	1866	0.03	0.029	1.271
974187989_0	44A	7	474.9	1382	-0.656	0.656	29.77
974187989_0	44A	8	1680.8	1851	-0.092	0.092	4.05
974187989_0	44A	9	1245	1151	0.082	0.076	2.716
974187989_0	44A	16	657.9	1861	-0.646	0.646	33.901
974187989_0	44A	17	1383.1	2662	-0.48	0.48	28.437
974187989_0	44A	18	2246.7	2525	-0.11	0.11	5.698
974187992_0	38A	7	432.5	1217	-0.645	0.645	27.317
974187992_0	38A	8	1607.7	1354	0.187	0.158	6.593
974187992_0	38A	9	739.7	967	-0.235	0.235	7.781
974187992_0	38A	16	937.6	1298	-0.278	0.278	10.78
974187992_0	38A	17	1891.8	1782	0.062	0.058	2.562
974187992_0	38A	18	3133.8	1965	0.595	0.373	23.148
974509283_0	62A	7	7618.4	3503	1.175	0.54	55.188
974509283_0	62A	8	6293.8	3027	1.079	0.519	47.853
974509283_0	62A	9	5329.7	2964	0.798	0.444	36.737
974509283_0	62A	16	1737.4	3203	-0.458	0.458	29.488
974509283_0	62A	17	1538.4	3446	-0.554	0.554	38.212
974509283_0	62A	18	1425.2	3530	-0.596	0.596	42.286
974869515_0	102A	6	40.3	1153	-0.965	0.965	45.553
974869515_0	102A	7	162.2	2060	-0.921	0.921	56.934
974869515_0	102A	8	978.7	1816	-0.461	0.461	22.399
974869515_0	102A	9	882	1842	-0.521	0.521	26.013
974869515_0	102A	10	1054.6	1888	-0.441	0.441	21.727
974869515_0	102A	11	1449.8	1922	-0.246	0.246	11.5
974869515_0	102A	12	650.2	2200	-0.704	0.704	41.054
974869515_0	102A	13	205.2	2179	-0.906	0.906	57.167
974869515_0	102A	14	67.9	1852	-0.963	0.963	57.583
974869515_0	102A	15	60.1	1612	-0.963	0.963	53.672
974869515_0	102A	16	126.6	1921	-0.934	0.934	56.08
974869515_0	102A	17	53.2	2977	-0.982	0.982	75.115
974869515_0	102A	18	102.5	2190	-0.953	0.953	61.658
974869515_0	102A	19	249.5	1821	-0.863	0.863	48.842
974869515_0	102A	20	233.7	1357	-0.828	0.828	39.831
974869515_0	102A	21	11.5	935	-0.988	0.988	42.451
982055241_1	61B	6	0	97	-1	1	13.928
982055241_1	61B	7	177.4	419	-0.577	0.577	13.991
982055241_1	61B	8	596.9	466	0.281	0.219	5.678
982055241_1	61B	9	388.2	485	-0.2	0.2	4.633
982055241_1	61B	16	30	484	-0.938	0.938	28.32
982055241_1	61B	17	135.9	579	-0.765	0.765	23.437
982055241_1	61B	18	420.9	640	-0.342	0.342	9.513
982374013_2	45A	7	2683.7	2208	0.215	0.177	9.619
982374013_2	45A	8	2901.8	1762	0.647	0.393	23.603
982374013_2	45A	9	1998.4	1533	0.304	0.233	11.076
982374013_2	45A	17	276.8	1693	-0.837	0.837	45.126
982374013_2	45A	18	501.7	2197	-0.772	0.772	46.151
998266947_0	28B	7	451.1	2603	-0.827	0.827	55.068
998266947_0	28B	8	2998.3	2273	0.319	0.242	14.128
998266947_0	28B	9	2846.2	1760	0.617	0.382	22.634
998266947_0	28B	16	1206.7	1376	-0.123	0.123	4.711
998266947_0	28B	17	583.1	1527	-0.618	0.618	29.06
998266947_0	28B	18	2476.7	1419	0.745	0.427	23.965
