Link Id	Count Station Id	Hour	MATSIM volumes	Count volumes	Relative Error	Normalized Relative Error	GEH
1031825659_2	SL4B	6	82.6	607	-0.864	0.864	28.241
1031825659_2	SL4B	7	1857	505	2.677	0.728	39.342
1031825659_2	SL4B	8	2798.9	425	5.586	0.848	59.127
1031825659_2	SL4B	9	1944.5	455	3.274	0.766	43.003
1031825659_2	SL4B	10	80	416	-0.808	0.808	21.336
1031825659_2	SL4B	11	250	480	-0.479	0.479	12.039
1031825659_2	SL4B	12	0	529	-1	1	32.527
1031825659_2	SL4B	13	697.8	515	0.355	0.262	7.423
1031825659_2	SL4B	14	172.2	422	-0.592	0.592	14.492
1031825659_2	SL4B	15	40	454	-0.912	0.912	26.342
1031825659_2	SL4B	16	80	416	-0.808	0.808	21.336
1031825659_2	SL4B	17	320	515	-0.379	0.379	9.543
1031825659_2	SL4B	18	272.6	449	-0.393	0.393	9.287
1031825659_2	SL4B	19	544.8	314	0.735	0.424	11.138
1031825659_2_r	SL4A	6	121.6	264	-0.539	0.539	10.255
1031825659_2_r	SL4A	7	120	473	-0.746	0.746	20.5
1031825659_2_r	SL4A	8	753.5	420	0.794	0.443	13.768
1031825659_2_r	SL4A	9	190	512	-0.629	0.629	17.187
1031825659_2_r	SL4A	10	0	524	-1	1	32.373
1031825659_2_r	SL4A	11	20	448	-0.955	0.955	27.979
1031825659_2_r	SL4A	12	102.5	416	-0.754	0.754	19.471
1031825659_2_r	SL4A	13	109.7	449	-0.756	0.756	20.301
1031825659_2_r	SL4A	14	247.7	523	-0.526	0.526	14.024
1031825659_2_r	SL4A	15	40.1	542	-0.926	0.926	29.419
1031825659_2_r	SL4A	16	254.8	497	-0.487	0.487	12.492
1031825659_2_r	SL4A	17	301.7	523	-0.423	0.423	10.898
1031825659_2_r	SL4A	18	633.5	534	0.186	0.157	4.118
1031825659_2_r	SL4A	19	1991.1	495	3.022	0.751	42.434
1037015119_2	49A	7	556.5	1190	-0.532	0.532	21.438
1037015119_2	49A	8	1206.3	969	0.245	0.197	7.195
1037015119_2	49A	9	1583.2	917	0.726	0.421	18.842
1037015119_2	49A	10	319.9	836	-0.617	0.617	21.468
1037015119_2	49A	11	24.7	890	-0.972	0.972	40.462
1037015119_2	49A	12	3.5	1057	-0.997	0.997	45.75
1037015119_2	49A	13	168.3	931	-0.819	0.819	32.532
1037015119_2	49A	14	140.9	929	-0.848	0.848	34.074
1037015119_2	49A	15	81.5	1240	-0.934	0.934	45.069
1037015119_2	49A	16	159.5	1185	-0.865	0.865	39.552
1037015119_2	49A	17	166.4	1726	-0.904	0.904	50.702
1037015119_2	49A	18	357.5	1514	-0.764	0.764	37.806
1037015119_2	49A	19	1150.1	968	0.188	0.158	5.596
1037015119_2	49A	20	668.9	624	0.072	0.067	1.766
1037015119_2	49A	21	645.1	453	0.424	0.298	8.198
1041510116_0	LC2A	7	0	37	-1	1	8.602
1041510116_0	LC2A	8	0	33	-1	1	8.124
1041510116_0	LC2A	9	118.3	25	3.732	0.789	11.022
1041510116_0	LC2A	10	71.7	26	1.758	0.637	6.539
1041510116_0	LC2A	11	20	35	-0.429	0.429	2.86
1041510116_0	LC2A	12	80	38	1.105	0.525	5.468
1041510116_0	LC2A	13	0	11	-1	1	4.69
1041510116_0	LC2A	14	92.8	34	1.729	0.634	7.385
1041510116_0	LC2A	15	107.2	32	2.35	0.701	9.014
1041510116_0	LC2A	16	0	23	-1	1	6.782
1041510116_0	LC2A	17	60	70	-0.143	0.143	1.24
1041510116_0_r	LC2B	7	230	59	2.898	0.743	14.225
1041510116_0_r	LC2B	8	60	37	0.622	0.383	3.303
1041510116_0_r	LC2B	9	0	32	-1	1	8
1041510116_0_r	LC2B	10	0	31	-1	1	7.874
1041510116_0_r	LC2B	11	0	44	-1	1	9.381
1041510116_0_r	LC2B	12	60	44	0.364	0.267	2.219
1041510116_0_r	LC2B	13	0	15	-1	1	5.477
1041510116_0_r	LC2B	14	0	20	-1	1	6.325
1041510116_0_r	LC2B	15	0	25	-1	1	7.071
1041510116_0_r	LC2B	16	80	20	3	0.75	8.485
1041510116_0_r	LC2B	17	0	48	-1	1	9.798
109598310_0	34B	7	989.9	1295	-0.236	0.236	9.027
109598310_0	34B	8	3641.7	920	2.958	0.747	56.989
109598310_0	34B	9	1350	950	0.421	0.296	11.795
109598310_0	34B	16	470	813	-0.422	0.422	13.542
109598310_0	34B	17	454.4	1282	-0.646	0.646	28.087
109598310_0	34B	18	1187.7	761	0.561	0.359	13.67
120044580_2	26B	7	2532.4	1878	0.348	0.258	13.935
120044580_2	26B	8	3658.9	1528	1.395	0.582	41.843
120044580_2	26B	9	3700.8	1330	1.783	0.641	47.271
120044580_2	26B	16	0	945	-1	1	43.474
120044580_2	26B	17	100	1084	-0.908	0.908	40.442
120044580_2	26B	18	98.3	1561	-0.937	0.937	50.782
120044580_2_r	26A	7	100	843	-0.881	0.881	34.217
120044580_2_r	26A	8	437.9	900	-0.513	0.513	17.866
120044580_2_r	26A	9	252.6	921	-0.726	0.726	27.593
120044580_2_r	26A	16	218.7	1255	-0.826	0.826	38.176
120044580_2_r	26A	17	240.7	1756	-0.863	0.863	47.958
120044580_2_r	26A	18	1284.5	1656	-0.224	0.224	9.689
120243725_0	123A	7	0	289	-1	1	24.042
120243725_0	123A	8	86.2	475	-0.819	0.819	23.21
120243725_0	123A	9	213.3	377	-0.434	0.434	9.529
120243725_0	123A	16	90	663	-0.864	0.864	29.531
120243725_0	123A	17	175.2	546	-0.679	0.679	19.527
120243725_0	123A	18	7.8	627	-0.988	0.988	34.756
120243725_0_r	123B	7	343.9	1054	-0.674	0.674	26.859
120243725_0_r	123B	8	230	989	-0.767	0.767	30.744
120243725_0_r	123B	9	261.1	830	-0.685	0.685	24.357
120243725_0_r	123B	16	9.5	660	-0.986	0.986	35.554
120243725_0_r	123B	17	0	777	-1	1	39.421
120243725_0_r	123B	18	2.1	802	-0.997	0.997	39.893
121677887_0	8A	7	1564.6	4925	-0.682	0.682	58.993
121677887_0	8A	8	5956.6	3848	0.548	0.354	30.116
121677887_0	8A	9	4769.2	3759	0.269	0.212	15.47
121677887_0	8A	16	969.2	3510	-0.724	0.724	53.689
121677887_0	8A	17	1766.9	5002	-0.647	0.647	55.609
121677887_0	8A	18	3262	5627	-0.42	0.42	35.475
121677894_0	8B	7	1828.5	3217	-0.432	0.432	27.645
121677894_0	8B	8	4623.9	3105	0.489	0.328	24.433
121677894_0	8B	9	2727.4	2589	0.053	0.051	2.684
121677894_0	8B	16	2177.7	3059	-0.288	0.288	17.223
121677894_0	8B	17	2028.4	4373	-0.536	0.536	41.443
121677894_0	8B	18	4378	3876	0.13	0.115	7.814
126161931_0	11A	7	260	195	0.333	0.25	4.309
126161931_0	11A	8	606.6	317	0.914	0.477	13.476
126161931_0	11A	9	391.2	334	0.171	0.146	3.004
126161931_0	11A	16	202.7	509	-0.602	0.602	16.237
126161931_0	11A	17	239.1	640	-0.626	0.626	19.122
126161931_0	11A	18	144.3	660	-0.781	0.781	25.716
126161931_0_r	11B	7	366.7	640	-0.427	0.427	12.182
126161931_0_r	11B	8	616.7	600	0.028	0.027	0.677
126161931_0_r	11B	9	447.6	579	-0.227	0.227	5.8
126161931_0_r	11B	16	247.6	452	-0.452	0.452	10.929
126161931_0_r	11B	17	387.4	442	-0.124	0.124	2.681
126161931_0_r	11B	18	434.2	477	-0.09	0.09	2.005
141770194_0	42B	7	74.9	582	-0.871	0.871	27.981
141770194_0	42B	8	340.9	552	-0.382	0.382	9.991
141770194_0	42B	9	203.2	400	-0.492	0.492	11.332
141770194_0	42B	16	0	1006	-1	1	44.855
141770194_0	42B	17	117.8	1145	-0.897	0.897	40.879
141770194_0	42B	18	316.4	1162	-0.728	0.728	31.102
158803813_0	49B	6	1207.4	2078	-0.419	0.419	21.48
158803813_0	49B	7	3442.4	3279	0.05	0.047	2.819
158803813_0	49B	8	4269.3	2656	0.607	0.378	27.416
158803813_0	49B	9	2029.4	2239	-0.094	0.094	4.537
158803813_0	49B	10	1027	2384	-0.569	0.569	32.859
158803813_0	49B	11	152.1	2544	-0.94	0.94	65.146
158803813_0	49B	12	356.5	2587	-0.862	0.862	58.141
158803813_0	49B	13	445.2	3066	-0.855	0.855	62.549
158803813_0	49B	14	743.5	2868	-0.741	0.741	49.995
158803813_0	49B	15	1108.3	4224	-0.738	0.738	60.341
158803813_0	49B	16	219.8	3886	-0.943	0.943	80.916
158803813_0	49B	17	487.2	4072	-0.88	0.88	75.082
158803813_0	49B	18	921.4	2836	-0.675	0.675	44.172
158803813_0	49B	19	1507.4	2278	-0.338	0.338	17.713
158803813_0	49B	20	354	1765	-0.799	0.799	43.349
158803813_0	49B	21	530.3	1499	-0.646	0.646	30.411
159453123_0	9B	7	1295.3	2590	-0.5	0.5	29.375
159453123_0	9B	8	2530	2170	0.166	0.142	7.426
159453123_0	9B	9	807.3	1754	-0.54	0.54	26.454
159453123_0	9B	10	806.6	1402	-0.425	0.425	17.917
159453123_0	9B	11	1059.6	1545	-0.314	0.314	13.451
159453123_0	9B	12	293.4	1551	-0.811	0.811	41.412
159453123_0	9B	13	808.3	1707	-0.526	0.526	25.342
159453123_0	9B	14	1302.8	1609	-0.19	0.19	8.025
159453123_0	9B	15	718	1382	-0.48	0.48	20.491
159453123_0	9B	16	946.4	1443	-0.344	0.344	14.367
159453123_0	9B	17	826.2	1606	-0.486	0.486	22.361
159453123_0	9B	18	1556.1	1280	0.216	0.177	7.332
159453123_0	9B	19	1877.4	1139	0.648	0.393	19.014
159453123_0	9B	20	1114.3	1132	-0.016	0.016	0.528
159453123_0	9B	21	647.9	847	-0.235	0.235	7.282
160295212_1	52A	7	110	480	-0.771	0.771	21.542
160295212_1	52A	8	586.8	455	0.29	0.225	5.775
160295212_1	52A	9	204.7	472	-0.566	0.566	14.532
160295212_1	52A	16	535	749	-0.286	0.286	8.446
160295212_1	52A	17	385.4	873	-0.559	0.559	19.439
160295212_1	52A	18	829.9	927	-0.105	0.105	3.276
160295212_1_r	52B	7	845.2	1215	-0.304	0.304	11.522
160295212_1_r	52B	8	1331.3	1118	0.191	0.16	6.095
160295212_1_r	52B	9	1402.2	1086	0.291	0.226	8.965
160295212_1_r	52B	16	479.9	906	-0.47	0.47	16.187
160295212_1_r	52B	17	375.4	965	-0.611	0.611	22.775
160295212_1_r	52B	18	356.8	1097	-0.675	0.675	27.454
166341477_0	105B	7	288.5	610	-0.527	0.527	15.168
166341477_0	105B	8	926	560	0.654	0.395	13.427
166341477_0	105B	9	832.8	592	0.407	0.289	9.022
166341477_0	105B	16	598.8	980	-0.389	0.389	13.568
166341477_0	105B	17	448.7	1321	-0.66	0.66	29.325
166341477_0	105B	18	1049.1	1297	-0.191	0.191	7.238
166341480_0	105A	7	1289.1	1141	0.13	0.115	4.249
166341480_0	105A	8	1798	1056	0.703	0.413	19.642
166341480_0	105A	9	974.2	793	0.228	0.186	6.096
166341480_0	105A	16	422.3	700	-0.397	0.397	11.723
166341480_0	105A	17	830.2	750	0.107	0.097	2.853
166341480_0	105A	18	1238.6	745	0.663	0.399	15.673
166974547_0	50B	7	834.3	1038	-0.196	0.196	6.658
166974547_0	50B	8	702.9	1128	-0.377	0.377	14.05
166974547_0	50B	9	290.9	1031	-0.718	0.718	28.788
166974547_0	50B	16	640.3	1059	-0.395	0.395	14.364
166974547_0	50B	17	518.9	1177	-0.559	0.559	22.6
166974547_0	50B	18	901.7	1195	-0.245	0.245	9.059
166974547_0_r	50A	7	241.1	446	-0.459	0.459	11.055
166974547_0_r	50A	8	938.9	420	1.235	0.553	19.907
166974547_0_r	50A	9	1281.5	584	1.194	0.544	22.838
166974547_0_r	50A	16	174.7	696	-0.749	0.749	24.984
166974547_0_r	50A	17	187.2	881	-0.788	0.788	30.021
166974547_0_r	50A	18	100.7	836	-0.88	0.88	33.977
167874801_0	129A	7	676.4	960	-0.295	0.295	9.915
167874801_0	129A	8	915.8	812	0.128	0.113	3.532
167874801_0	129A	9	555.6	733	-0.242	0.242	6.989
167874801_0	129A	16	608.3	839	-0.275	0.275	8.576
167874801_0	129A	17	803.8	1164	-0.309	0.309	11.483
167874801_0	129A	18	702	1325	-0.47	0.47	19.569
167932461_0	35B	7	2079.1	682	2.049	0.672	37.601
167932461_0	35B	8	1920	472	3.068	0.754	41.87
167932461_0	35B	9	1571.8	423	2.716	0.731	36.376
167932461_0	35B	16	840.4	296	1.839	0.648	22.838
167932461_0	35B	17	865.6	456	0.898	0.473	15.934
167932461_0	35B	18	1617	483	2.348	0.701	34.996
167934489_6	55A	7	604.3	1555	-0.611	0.611	28.934
167934489_6	55A	8	1103.6	1272	-0.132	0.132	4.886
167934489_6	55A	9	1825.9	1315	0.389	0.28	12.892
167934489_6	55A	16	371	1459	-0.746	0.746	35.968
167934489_6	55A	17	251.1	1853	-0.864	0.864	49.388
167934489_6	55A	18	159	1950	-0.918	0.918	55.153
168024956_3	18B	7	326.1	651	-0.499	0.499	14.699
168024956_3	18B	8	318.9	497	-0.358	0.358	8.818
168024956_3	18B	9	26.2	373	-0.93	0.93	24.547
168024956_3	18B	17	164.8	727	-0.773	0.773	26.624
168024956_3	18B	18	247.2	776	-0.681	0.681	23.379
168024956_3	18B	19	92.9	486	-0.809	0.809	23.106
168024968_2	18A	7	80.5	322	-0.75	0.75	17.024
168024968_2	18A	8	477.1	350	0.363	0.266	6.25
168024968_2	18A	9	560.5	393	0.426	0.299	7.671
168024968_2	18A	17	183.1	685	-0.733	0.733	24.091
168024968_2	18A	18	343.4	693	-0.504	0.504	15.358
168024968_2	18A	19	683.2	513	0.332	0.249	6.959
172844255_0	110B	7	887.7	2820	-0.685	0.685	44.878
172844255_0	110B	8	3145.6	3752	-0.162	0.162	10.326
172844255_0	110B	9	2817.7	2788	0.011	0.011	0.561
172844255_0	110B	16	1551.1	2454	-0.368	0.368	20.177
172844255_0	110B	17	945.8	3321	-0.715	0.715	51.424
172844255_0	110B	18	2002.8	4034	-0.504	0.504	36.971
173294230_0	110A	7	374.7	2531	-0.852	0.852	56.572
173294230_0	110A	8	2890.6	2030	0.424	0.298	17.35
173294230_0	110A	9	2244.2	1754	0.279	0.218	10.964
173294230_0	110A	16	695	2198	-0.684	0.684	39.518
173294230_0	110A	17	675.4	3064	-0.78	0.78	55.24
173294230_0	110A	18	1564.7	3236	-0.516	0.516	34.113
176085737_2	9A	7	2309.6	3244	-0.288	0.288	17.732
176085737_2	9A	8	1626.3	3286	-0.505	0.505	33.489
176085737_2	9A	9	1917.1	3801	-0.496	0.496	35.233
176085737_2	9A	10	1546.3	2379	-0.35	0.35	18.796
176085737_2	9A	11	1354.1	2384	-0.432	0.432	23.822
176085737_2	9A	12	1589.6	2737	-0.419	0.419	24.669
176085737_2	9A	13	2412.3	2822	-0.145	0.145	8.009
176085737_2	9A	14	468.1	2327	-0.799	0.799	49.725
176085737_2	9A	15	611.6	2535	-0.759	0.759	48.491
176085737_2	9A	16	756.5	2282	-0.668	0.668	39.138
176085737_2	9A	17	1042.8	2824	-0.631	0.631	40.509
176085737_2	9A	18	1118.4	3204	-0.651	0.651	44.863
176085737_2	9A	19	1284.9	1992	-0.355	0.355	17.469
176085737_2	9A	20	987.9	1562	-0.368	0.368	16.078
176085737_2	9A	21	833.2	1521	-0.452	0.452	20.047
177318238_0	102C	6	90	1024	-0.912	0.912	39.575
177318238_0	102C	7	1218.8	2943	-0.586	0.586	37.797
177318238_0	102C	8	3966.2	3484	0.138	0.122	7.901
177318238_0	102C	9	2843.3	2879	-0.012	0.012	0.667
177318238_0	102C	10	753.9	2402	-0.686	0.686	41.489
177318238_0	102C	11	890.8	2619	-0.66	0.66	41.254
177318238_0	102C	12	1071.1	2707	-0.604	0.604	37.639
177318238_0	102C	13	1474.1	2962	-0.502	0.502	31.593
177318238_0	102C	14	2675.1	3606	-0.258	0.258	16.611
177318238_0	102C	15	914.6	3187	-0.713	0.713	50.179
177318238_0	102C	16	908.2	3182	-0.715	0.715	50.28
177318238_0	102C	17	1563.8	3716	-0.579	0.579	41.888
177318238_0	102C	18	2983.3	2863	0.042	0.04	2.225
177318238_0	102C	19	5582.9	2818	0.981	0.495	42.661
177318238_0	102C	20	2678	2298	0.165	0.142	7.618
177318238_0	102C	21	1866.9	1966	-0.05	0.05	2.264
185966977_2	121A	7	2438.2	3074	-0.207	0.207	12.111
185966977_2	121A	8	4171.8	2800	0.49	0.329	23.235
185966977_2	121A	9	2614.4	2227	0.174	0.148	7.874
185966977_2	121A	16	304	1753	-0.827	0.827	45.182
185966977_2	121A	17	560.1	1952	-0.713	0.713	39.274
185966977_2	121A	18	1005.9	2062	-0.512	0.512	26.965
198197233_1	28A	7	928.4	809	0.148	0.129	4.051
198197233_1	28A	8	3382.3	790	3.281	0.766	56.756
198197233_1	28A	9	2803.3	944	1.97	0.663	42.954
198197233_1	28A	16	893.3	1241	-0.28	0.28	10.644
198197233_1	28A	17	789.8	1904	-0.585	0.585	30.36
198197233_1	28A	18	1826.6	2561	-0.287	0.287	15.68
203830401_0	2A	7	354.9	1391	-0.745	0.745	35.068
203830401_0	2A	8	811.6	1219	-0.334	0.334	12.786
203830401_0	2A	9	782.9	1065	-0.265	0.265	9.281
203830401_0	2A	16	150.1	998	-0.85	0.85	35.389
203830401_0	2A	17	820	1116	-0.265	0.265	9.514
203830401_0	2A	18	1163.4	1037	0.122	0.109	3.811
218949798_0	37B	7	3397.2	2674	0.27	0.213	13.126
218949798_0	37B	8	4341.6	1822	1.383	0.58	45.387
218949798_0	37B	9	1470.8	1687	-0.128	0.128	5.441
218949798_0	37B	17	21.1	2278	-0.991	0.991	66.565
218949798_0	37B	18	498.7	2275	-0.781	0.781	47.698
219319873_0	37C	7	70.6	2584	-0.973	0.973	68.989
219319873_0	37C	8	731.9	2196	-0.667	0.667	38.266
219319873_0	37C	9	372.6	1821	-0.795	0.795	43.735
219319873_0	37C	17	1551.2	2937	-0.472	0.472	29.254
219319873_0	37C	18	3620.1	3282	0.103	0.093	5.755
231442865_0	37D	7	0	196	-1	1	19.799
231442865_0	37D	8	0	145	-1	1	17.029
231442865_0	37D	9	0	190	-1	1	19.494
231442865_0	37D	17	0	259	-1	1	22.76
231442865_0	37D	18	0	302	-1	1	24.576
232285691_0	47A	7	587.7	1059	-0.445	0.445	16.425
232285691_0	47A	8	1942.7	1202	0.616	0.381	18.68
232285691_0	47A	9	922.2	1107	-0.167	0.167	5.802
232285691_0	47A	16	101.1	696	-0.855	0.855	29.799
232285691_0	47A	17	1160.8	915	0.269	0.212	7.63
232285691_0	47A	18	1228.6	738	0.665	0.399	15.645
232666440_0	102B	6	273.5	1701	-0.839	0.839	45.432
232666440_0	102B	7	2692.9	2888	-0.068	0.068	3.693
232666440_0	102B	8	5278.4	2766	0.908	0.476	39.615
232666440_0	102B	9	4157.3	2486	0.672	0.402	28.999
232666440_0	102B	10	3022.1	2561	0.18	0.153	8.727
232666440_0	102B	11	2523.1	2045	0.234	0.189	10.004
232666440_0	102B	12	3838.4	2273	0.689	0.408	28.318
232666440_0	102B	13	2909.9	2027	0.436	0.303	17.77
232666440_0	102B	14	1147.3	2326	-0.507	0.507	28.284
232666440_0	102B	15	909.5	2319	-0.608	0.608	35.082
232666440_0	102B	16	1342.1	2319	-0.421	0.421	22.833
232666440_0	102B	17	1174.8	3127	-0.624	0.624	42.093
232666440_0	102B	18	1882.4	2820	-0.332	0.332	19.336
232666440_0	102B	19	3224.2	2471	0.305	0.234	14.115
232666440_0	102B	20	1518.2	1850	-0.179	0.179	8.085
232666440_0	102B	21	848.2	1149	-0.262	0.262	9.519
247127656_2	34A	7	488.4	1115	-0.562	0.562	22.13
247127656_2	34A	8	779.9	986	-0.209	0.209	6.936
247127656_2	34A	9	742	882	-0.159	0.159	4.913
247127656_2	34A	16	665.1	942	-0.294	0.294	9.768
247127656_2	34A	17	831.1	1178	-0.294	0.294	10.945
247127656_2	34A	18	871.4	1384	-0.37	0.37	15.264
253155021_1	LC1B	7	810	971	-0.166	0.166	5.395
253155021_1	LC1B	8	500	1046	-0.522	0.522	19.638
253155021_1	LC1B	9	240	1101	-0.782	0.782	33.251
253155021_1	LC1B	10	250	1000	-0.75	0.75	30
253155021_1	LC1B	11	0	884	-1	1	42.048
253155021_1	LC1B	12	60	852	-0.93	0.93	37.089
253155021_1	LC1B	13	0	1125	-1	1	47.434
253155021_1	LC1B	14	0	1036	-1	1	45.519
253155021_1	LC1B	15	0	1036	-1	1	45.519
253155021_1	LC1B	16	20	939	-0.979	0.979	41.968
253155021_1	LC1B	17	0	1335	-1	1	51.672
254882882_0	19A	7	271	523	-0.482	0.482	12.648
254882882_0	19A	8	712.4	562	0.268	0.211	5.958
254882882_0	19A	9	524.2	560	-0.064	0.064	1.538
254882882_0	19A	16	266.7	607	-0.561	0.561	16.282
254882882_0	19A	17	456.7	962	-0.525	0.525	18.972
254882882_0	19A	18	1048.2	962	0.09	0.082	2.719
312827973_2	LC3A	7	0	11	-1	1	4.69
312827973_2	LC3A	8	0	10	-1	1	4.472
312827973_2	LC3A	9	0	19	-1	1	6.164
312827973_2	LC3A	10	0	10	-1	1	4.472
312827973_2	LC3A	11	0	19	-1	1	6.164
312827973_2	LC3A	12	0	28	-1	1	7.483
312827973_2	LC3A	13	0	10	-1	1	4.472
312827973_2	LC3A	14	0	20	-1	1	6.325
312827973_2	LC3A	15	0	18	-1	1	6
312827973_2	LC3A	16	0	15	-1	1	5.477
312827973_2	LC3A	17	0	17	-1	1	5.831
319339783_0	5A	7	0	237	-1	1	21.772
319339783_0	5A	8	30	175	-0.829	0.829	14.322
319339783_0	5A	9	0	175	-1	1	18.708
319339783_0	5A	16	0	249	-1	1	22.316
319339783_0	5A	17	0	401	-1	1	28.32
319339783_0	5A	18	110	428	-0.743	0.743	19.389
319339783_0_r	5B	7	30	422	-0.929	0.929	26.075
319339783_0_r	5B	8	300	352	-0.148	0.148	2.88
319339783_0_r	5B	9	195.1	215	-0.093	0.093	1.39
319339783_0_r	5B	16	0	198	-1	1	19.9
319339783_0_r	5B	17	0	308	-1	1	24.819
319339783_0_r	5B	18	0	301	-1	1	24.536
356041100_0	LC3B	7	0	15	-1	1	5.477
356041100_0	LC3B	8	0	7	-1	1	3.742
356041100_0	LC3B	9	0	20	-1	1	6.325
356041100_0	LC3B	10	0	13	-1	1	5.099
356041100_0	LC3B	11	0	10	-1	1	4.472
356041100_0	LC3B	12	0	21	-1	1	6.481
356041100_0	LC3B	13	0	10	-1	1	4.472
356041100_0	LC3B	14	0	14	-1	1	5.292
356041100_0	LC3B	15	0	11	-1	1	4.69
356041100_0	LC3B	16	20	11	0.818	0.45	2.286
356041100_0	LC3B	17	0	17	-1	1	5.831
35893653_0	17A	6	1040.9	4778	-0.782	0.782	69.283
35893653_0	17A	7	9907	6339	0.563	0.36	39.588
35893653_0	17A	8	10691.7	6768	0.58	0.367	41.994
35893653_0	17A	9	10153.3	5608	0.811	0.448	51.201
35893653_0	17A	10	9056.4	5244	0.727	0.421	45.086
35893653_0	17A	11	8737.7	5359	0.63	0.387	40.244
35893653_0	17A	12	10384.1	5995	0.732	0.423	48.5
35893653_0	17A	13	7505.8	6582	0.14	0.123	11.007
35893653_0	17A	14	3300.9	5136	-0.357	0.357	28.254
35893653_0	17A	15	2277	5072	-0.551	0.551	46.109
35893653_0	17A	16	1929.4	5268	-0.634	0.634	55.653
35893653_0	17A	17	2303.3	5675	-0.594	0.594	53.384
35893653_0	17A	18	3015.2	6276	-0.52	0.52	47.841
35893653_0	17A	19	4429.8	5314	-0.166	0.166	12.668
35893653_0	17A	20	2208.9	4298	-0.486	0.486	36.626
35893653_0	17A	21	1819.9	3664	-0.503	0.503	35.217
35893655_0	17B	6	230	2137	-0.892	0.892	55.433
35893655_0	17B	7	1869.6	5815	-0.678	0.678	63.65
35893655_0	17B	8	4851.5	4951	-0.02	0.02	1.421
35893655_0	17B	9	2653.8	4723	-0.438	0.438	34.071
35893655_0	17B	10	1959.4	6322	-0.69	0.69	67.797
35893655_0	17B	11	2180.1	5966	-0.635	0.635	59.321
35893655_0	17B	12	1402.7	5852	-0.76	0.76	73.875
35893655_0	17B	13	3424.9	5577	-0.386	0.386	32.078
35893655_0	17B	14	4274	6639	-0.356	0.356	32.017
35893655_0	17B	15	2308.3	6939	-0.667	0.667	68.101
35893655_0	17B	16	2778.9	6436	-0.568	0.568	53.877
35893655_0	17B	17	4986.1	7224	-0.31	0.31	28.642
35893655_0	17B	18	9143.7	8126	0.125	0.111	10.952
35893655_0	17B	19	10940	8331	0.313	0.238	26.579
35893655_0	17B	20	11179.9	5903	0.894	0.472	57.097
35893655_0	17B	21	5103.2	5802	-0.12	0.12	9.463
35893748_0	LC6A	7	729.5	903	-0.192	0.192	6.073
35893748_0	LC6A	8	1093.6	697	0.569	0.363	13.255
35893748_0	LC6A	9	223.8	660	-0.661	0.661	20.75
35893748_0	LC6A	10	0	687	-1	1	37.068
35893748_0	LC6A	11	30	538	-0.944	0.944	30.144
35893748_0	LC6A	12	189.9	704	-0.73	0.73	24.317
35893748_0	LC6A	13	240.1	762	-0.685	0.685	23.316
35893748_0	LC6A	14	0	691	-1	1	37.175
35893748_0	LC6A	15	210	712	-0.705	0.705	23.38
35893748_0	LC6A	16	120	556	-0.784	0.784	23.715
35893748_0	LC6A	17	300	859	-0.651	0.651	23.221
35897292_0	49C	6	0	1274	-1	1	50.478
35897292_0	49C	7	71.6	2686	-0.973	0.973	70.408
35897292_0	49C	8	650.6	2366	-0.725	0.725	44.169
35897292_0	49C	9	136.8	2099	-0.935	0.935	58.687
35897292_0	49C	10	159.4	1947	-0.918	0.918	55.083
35897292_0	49C	11	80	2152	-0.963	0.963	62.024
35897292_0	49C	12	138.7	2508	-0.945	0.945	65.13
35897292_0	49C	13	910.4	2252	-0.596	0.596	33.739
35897292_0	49C	14	837	2344	-0.643	0.643	37.787
35897292_0	49C	15	976.7	2460	-0.603	0.603	35.783
35897292_0	49C	16	821	4551	-0.82	0.82	71.971
35897292_0	49C	17	1775.6	4670	-0.62	0.62	50.985
35897292_0	49C	18	3543.7	3019	0.174	0.148	9.16
35897292_0	49C	19	3290.1	2363	0.392	0.282	17.438
35897292_0	49C	20	2655.5	1978	0.343	0.255	14.076
35897292_0	49C	21	1767.5	2147	-0.177	0.177	8.578
365923813_1	SL5B	6	71.6	825	-0.913	0.913	35.583
365923813_1	SL5B	7	740	841	-0.12	0.12	3.592
365923813_1	SL5B	8	1088.8	736	0.479	0.324	11.68
365923813_1	SL5B	9	208.1	811	-0.743	0.743	26.709
365923813_1	SL5B	10	0	715	-1	1	37.815
365923813_1	SL5B	11	30	837	-0.964	0.964	38.76
365923813_1	SL5B	12	206.1	698	-0.705	0.705	23.136
365923813_1	SL5B	13	223.9	840	-0.733	0.733	26.713
365923813_1	SL5B	14	0	786	-1	1	39.648
365923813_1	SL5B	15	210	780	-0.731	0.731	25.62
365923813_1	SL5B	16	120	832	-0.856	0.856	32.634
365923813_1	SL5B	17	300	837	-0.642	0.642	22.522
365923813_1	SL5B	18	208.8	844	-0.753	0.753	27.686
365923813_1	SL5B	19	61.2	678	-0.91	0.91	32.083
385774390_1	2B	7	280	641	-0.563	0.563	16.823
385774390_1	2B	8	1293.9	660	0.96	0.49	20.281
385774390_1	2B	9	1152.2	792	0.455	0.313	11.553
385774390_1	2B	16	135.8	1090	-0.875	0.875	38.543
385774390_1	2B	17	570.8	1428	-0.6	0.6	27.115
385774390_1	2B	18	977.8	1543	-0.366	0.366	15.92
413762920_0	37A	7	633.3	984	-0.356	0.356	12.333
413762920_0	37A	8	465.4	610	-0.237	0.237	6.236
413762920_0	37A	9	75.9	505	-0.85	0.85	25.178
413762920_0	37A	17	238.7	528	-0.548	0.548	14.776
413762920_0	37A	18	331.8	764	-0.566	0.566	18.464
414043854_0	30B	6	50	1461	-0.966	0.966	51.335
414043854_0	30B	7	1068.6	3023	-0.647	0.647	43.21
414043854_0	30B	8	2205.3	2375	-0.071	0.071	3.546
414043854_0	30B	9	822.5	2297	-0.642	0.642	37.335
414043854_0	30B	10	107	2534	-0.958	0.958	66.788
414043854_0	30B	11	520	2381	-0.782	0.782	48.864
414043854_0	30B	12	528.4	2721	-0.806	0.806	54.397
414043854_0	30B	13	418.3	2537	-0.835	0.835	55.117
414043854_0	30B	14	842.3	2856	-0.705	0.705	46.828
414043854_0	30B	15	292.8	2865	-0.898	0.898	64.733
414043854_0	30B	16	863.7	3093	-0.721	0.721	50.121
414043854_0	30B	17	1205.5	3568	-0.662	0.662	48.358
414043854_0	30B	18	2018.6	3956	-0.49	0.49	35.447
414043854_0	30B	19	2805.2	2829	-0.008	0.008	0.448
414043854_0	30B	20	2809.8	2102	0.337	0.252	14.283
414043854_0	30B	21	1726.6	2128	-0.189	0.189	9.143
414043855_1	55C	7	3235	3612	-0.104	0.104	6.443
414043855_1	55C	8	4302.1	2589	0.662	0.398	29.185
414043855_1	55C	9	3053.5	2259	0.352	0.26	15.416
414043855_1	55C	16	551.5	1940	-0.716	0.716	39.34
414043855_1	55C	17	1026.8	3023	-0.66	0.66	44.361
414043855_1	55C	18	1145.5	2551	-0.551	0.551	32.693
414043856_1	55B	7	1074.7	3404	-0.684	0.684	49.223
414043856_1	55B	8	2762.2	2590	0.066	0.062	3.329
414043856_1	55B	9	1343.9	2158	-0.377	0.377	19.455
414043856_1	55B	16	1544.5	1925	-0.198	0.198	9.136
414043856_1	55B	17	1941.7	3371	-0.424	0.424	27.732
414043856_1	55B	18	4033.7	3861	0.045	0.043	2.749
414043859_0	30A	6	50	134	-0.627	0.627	8.758
414043859_0	30A	7	403.6	501	-0.194	0.194	4.58
414043859_0	30A	8	507	440	0.152	0.132	3.079
414043859_0	30A	9	485.1	329	0.474	0.322	7.737
414043859_0	30A	10	101.8	410	-0.752	0.752	19.266
414043859_0	30A	11	7	472	-0.985	0.985	30.047
414043859_0	30A	12	115.7	565	-0.795	0.795	24.354
414043859_0	30A	13	184.3	754	-0.756	0.756	26.302
414043859_0	30A	14	31.7	497	-0.936	0.936	28.618
414043859_0	30A	15	76.2	542	-0.859	0.859	26.494
414043859_0	30A	16	404.6	628	-0.356	0.356	9.832
414043859_0	30A	17	322.4	1186	-0.728	0.728	31.446
414043859_0	30A	18	677.3	1872	-0.638	0.638	33.463
414043859_0	30A	19	1221.4	737	0.657	0.397	15.48
414043859_0	30A	20	1205.4	466	1.587	0.613	25.577
414043859_0	30A	21	61.4	477	-0.871	0.871	25.33
414043864_2	30D	6	6.2	1614	-0.996	0.996	56.489
414043864_2	30D	7	1099.4	2757	-0.601	0.601	37.749
414043864_2	30D	8	1861.6	1713	0.087	0.08	3.515
414043864_2	30D	9	1233.8	1312	-0.06	0.06	2.192
414043864_2	30D	10	120.3	1229	-0.902	0.902	42.685
414043864_2	30D	11	160.4	1522	-0.895	0.895	46.946
414043864_2	30D	12	170	1801	-0.906	0.906	51.955
414043864_2	30D	13	124.5	1831	-0.932	0.932	54.575
414043864_2	30D	14	172.4	1579	-0.891	0.891	47.533
414043864_2	30D	15	92.9	1450	-0.936	0.936	48.861
414043864_2	30D	16	170	1524	-0.888	0.888	46.524
414043864_2	30D	17	316	2242	-0.859	0.859	53.854
414043864_2	30D	18	130.3	2581	-0.95	0.95	66.56
414043864_2	30D	19	476.1	2072	-0.77	0.77	44.711
414043864_2	30D	20	156.5	1101	-0.858	0.858	37.667
414043864_2	30D	21	111.7	1529	-0.927	0.927	49.484
414279356_0	LC6B	7	507.2	665	-0.237	0.237	6.518
414279356_0	LC6B	8	743.6	742	0.002	0.002	0.059
414279356_0	LC6B	9	11.2	682	-0.984	0.984	36.031
414279356_0	LC6B	10	0	624	-1	1	35.327
414279356_0	LC6B	11	0	597	-1	1	34.554
414279356_0	LC6B	12	103	568	-0.819	0.819	25.387
414279356_0	LC6B	13	101.7	612	-0.834	0.834	27.014
414279356_0	LC6B	14	300	450	-0.333	0.333	7.746
414279356_0	LC6B	15	10	579	-0.983	0.983	33.157
414279356_0	LC6B	16	144.4	681	-0.788	0.788	26.414
414279356_0	LC6B	17	80	930	-0.914	0.914	37.825
434689238_1	46A	7	683.1	1229	-0.444	0.444	17.655
434689238_1	46A	8	1343.5	1298	0.035	0.034	1.252
434689238_1	46A	9	1325.4	986	0.344	0.256	9.984
434689238_1	46A	16	2.8	803	-0.997	0.997	39.866
434689238_1	46A	17	0.9	724	-0.999	0.999	37.982
434689238_1	46A	18	40.2	951	-0.958	0.958	40.913
45573785_0	SL5A	6	0	423	-1	1	29.086
45573785_0	SL5A	7	450	695	-0.353	0.353	10.239
45573785_0	SL5A	8	621.3	776	-0.199	0.199	5.853
45573785_0	SL5A	9	36.7	780	-0.953	0.953	36.783
45573785_0	SL5A	10	0	709	-1	1	37.656
45573785_0	SL5A	11	0	740	-1	1	38.471
45573785_0	SL5A	12	72.3	669	-0.892	0.892	30.994
45573785_0	SL5A	13	67.7	691	-0.902	0.902	32.002
45573785_0	SL5A	14	300	772	-0.611	0.611	20.387
45573785_0	SL5A	15	10	848	-0.988	0.988	40.459
45573785_0	SL5A	16	90	867	-0.896	0.896	35.521
45573785_0	SL5A	17	0	926	-1	1	43.035
45573785_0	SL5A	18	556.6	877	-0.365	0.365	11.967
45573785_0	SL5A	19	383.4	783	-0.51	0.51	16.547
470854274_0	LC4B	7	0	65	-1	1	11.402
470854274_0	LC4B	8	90	92	-0.022	0.022	0.21
470854274_0	LC4B	9	0	112	-1	1	14.967
470854274_0	LC4B	10	0	158	-1	1	17.776
470854274_0	LC4B	11	0	181	-1	1	19.026
470854274_0	LC4B	12	0	103	-1	1	14.353
470854274_0	LC4B	13	0	69	-1	1	11.747
470854274_0	LC4B	14	0	143	-1	1	16.912
470854274_0	LC4B	15	0	121	-1	1	15.556
470854274_0	LC4B	16	0	199	-1	1	19.95
470854274_0	LC4B	17	0	178	-1	1	18.868
470854274_0_r	LC4A	7	0	162	-1	1	18
470854274_0_r	LC4A	8	20	155	-0.871	0.871	14.432
470854274_0_r	LC4A	9	10	199	-0.95	0.95	18.489
470854274_0_r	LC4A	10	0	140	-1	1	16.733
470854274_0_r	LC4A	11	0	159	-1	1	17.833
470854274_0_r	LC4A	12	0	84	-1	1	12.961
470854274_0_r	LC4A	13	0	112	-1	1	14.967
470854274_0_r	LC4A	14	0	108	-1	1	14.697
470854274_0_r	LC4A	15	0	139	-1	1	16.673
470854274_0_r	LC4A	16	0	110	-1	1	14.832
470854274_0_r	LC4A	17	10	131	-0.924	0.924	14.411
472820227_1	36A	7	1269.6	990	0.282	0.22	8.318
472820227_1	36A	8	1488.8	732	1.034	0.508	22.711
472820227_1	36A	9	717.2	496	0.446	0.308	8.981
472820227_1	36A	16	20	368	-0.946	0.946	24.985
472820227_1	36A	17	275.5	493	-0.441	0.441	11.096
472820227_1	36A	18	9.2	610	-0.985	0.985	34.145
472820227_1_r	36B	7	15.7	390	-0.96	0.96	26.28
472820227_1_r	36B	8	232.7	358	-0.35	0.35	7.291
472820227_1_r	36B	9	50.4	426	-0.882	0.882	24.336
472820227_1_r	36B	16	0	637	-1	1	35.693
472820227_1_r	36B	17	187.5	813	-0.769	0.769	27.966
472820227_1_r	36B	18	814.9	932	-0.126	0.126	3.962
562609007_0	SL3B	6	30	169	-0.822	0.822	13.935
562609007_0	SL3B	7	90	227	-0.604	0.604	10.882
562609007_0	SL3B	8	160	197	-0.188	0.188	2.769
562609007_0	SL3B	9	376.3	189	0.991	0.498	11.141
562609007_0	SL3B	10	129.8	191	-0.32	0.32	4.832
562609007_0	SL3B	11	339.1	198	0.713	0.416	8.61
562609007_0	SL3B	12	348.1	231	0.507	0.336	6.882
562609007_0	SL3B	13	224.6	220	0.021	0.02	0.309
562609007_0	SL3B	14	184.8	232	-0.203	0.203	3.27
562609007_0	SL3B	15	200	259	-0.228	0.228	3.895
562609007_0	SL3B	16	186.4	222	-0.16	0.16	2.491
562609007_0	SL3B	17	430.6	286	0.506	0.336	7.639
562609007_0	SL3B	18	497.4	334	0.489	0.329	8.014
562609007_0	SL3B	19	1112.5	238	3.674	0.786	33.653
562609010_0	SL3A	6	90	217	-0.585	0.585	10.251
562609010_0	SL3A	7	670	397	0.688	0.407	11.819
562609010_0	SL3A	8	1175.5	275	3.275	0.766	33.438
562609010_0	SL3A	9	1254.3	204	5.149	0.837	38.896
562609010_0	SL3A	10	832.6	183	3.55	0.78	28.827
562609010_0	SL3A	11	0	199	-1	1	19.95
562609010_0	SL3A	12	0	260	-1	1	22.804
562609010_0	SL3A	13	197.2	262	-0.247	0.247	4.277
562609010_0	SL3A	14	100	240	-0.583	0.583	10.738
562609010_0	SL3A	15	204.2	194	0.053	0.05	0.723
562609010_0	SL3A	16	200	266	-0.248	0.248	4.324
562609010_0	SL3A	17	30	315	-0.905	0.905	21.7
562609010_0	SL3A	18	70	296	-0.764	0.764	16.706
562609010_0	SL3A	19	330	236	0.398	0.285	5.588
569338042_1	107A	7	468.9	1107	-0.576	0.576	22.732
569338042_1	107A	8	2502.5	1383	0.809	0.447	25.399
569338042_1	107A	9	2132.4	1024	1.082	0.52	27.901
569338042_1	107A	16	268.9	838	-0.679	0.679	24.191
569338042_1	107A	17	416.1	1454	-0.714	0.714	33.942
569338042_1	107A	18	709.9	1174	-0.395	0.395	15.122
569338045_0	107B	7	217.8	914	-0.762	0.762	29.266
569338045_0	107B	8	590.3	1084	-0.455	0.455	17.063
569338045_0	107B	9	404.4	697	-0.42	0.42	12.469
569338045_0	107B	16	647.8	934	-0.306	0.306	10.177
569338045_0	107B	17	370.3	1289	-0.713	0.713	31.895
569338045_0	107B	18	1257	1633	-0.23	0.23	9.891
573531413_1	46B	7	134.8	417	-0.677	0.677	16.99
573531413_1	46B	8	458.6	563	-0.185	0.185	4.619
573531413_1	46B	9	121.9	572	-0.787	0.787	24.164
573531413_1	46B	16	2.9	765	-0.996	0.996	38.893
573531413_1	46B	17	101.3	1008	-0.9	0.9	38.499
573531413_1	46B	18	18.4	1018	-0.982	0.982	43.911
575650868_2	LC1A	7	0	1046	-1	1	45.738
575650868_2	LC1A	8	40	1087	-0.963	0.963	44.106
575650868_2	LC1A	9	0	955	-1	1	43.704
575650868_2	LC1A	10	0	690	-1	1	37.148
575650868_2	LC1A	11	0	778	-1	1	39.446
575650868_2	LC1A	12	50.3	899	-0.944	0.944	38.955
575650868_2	LC1A	13	109.7	800	-0.863	0.863	32.367
575650868_2	LC1A	14	0	665	-1	1	36.469
575650868_2	LC1A	15	139.8	765	-0.817	0.817	29.394
575650868_2	LC1A	16	120.2	882	-0.864	0.864	34.031
575650868_2	LC1A	17	461.8	1086	-0.575	0.575	22.438
627942651_1	39B	7	0	154	-1	1	17.55
627942651_1	39B	8	330.7	217	0.524	0.344	6.871
627942651_1	39B	9	79.7	277	-0.712	0.712	14.774
627942651_1	39B	16	0	241	-1	1	21.954
627942651_1	39B	17	0	506	-1	1	31.812
627942651_1	39B	18	102.5	507	-0.798	0.798	23.171
627942651_1_r	39A	7	264.9	787	-0.663	0.663	22.766
627942651_1_r	39A	8	868.9	728	0.194	0.162	4.986
627942651_1_r	39A	9	1192.2	571	1.088	0.521	20.922
627942651_1_r	39A	16	0	295	-1	1	24.29
627942651_1_r	39A	17	0	355	-1	1	26.646
627942651_1_r	39A	18	58.4	389	-0.85	0.85	22.104
655429848_0	LC5B	7	0	20	-1	1	6.325
655429848_0	LC5B	8	0	27	-1	1	7.348
655429848_0	LC5B	9	0	11	-1	1	4.69
655429848_0	LC5B	10	0	20	-1	1	6.325
655429848_0	LC5B	11	0	26	-1	1	7.211
655429848_0	LC5B	12	0	24	-1	1	6.928
655429848_0	LC5B	13	0	43	-1	1	9.274
655429848_0	LC5B	14	0	16	-1	1	5.657
655429848_0	LC5B	15	0	20	-1	1	6.325
655429848_0	LC5B	16	0	26	-1	1	7.211
655429848_0	LC5B	17	0	36	-1	1	8.485
655429848_0_r	LC5A	7	33.8	16	1.112	0.527	3.567
655429848_0_r	LC5A	8	4.4	16	-0.725	0.725	3.632
655429848_0_r	LC5A	9	15.2	15	0.013	0.013	0.051
655429848_0_r	LC5A	10	0	18	-1	1	6
655429848_0_r	LC5A	11	0	13	-1	1	5.099
655429848_0_r	LC5A	12	0	22	-1	1	6.633
655429848_0_r	LC5A	13	0	25	-1	1	7.071
655429848_0_r	LC5A	14	0	18	-1	1	6
655429848_0_r	LC5A	15	0	13	-1	1	5.099
655429848_0_r	LC5A	16	0	16	-1	1	5.657
655429848_0_r	LC5A	17	0	45	-1	1	9.487
698776325_0	38B	7	118.6	608	-0.805	0.805	25.676
698776325_0	38B	8	358.5	457	-0.216	0.216	4.878
698776325_0	38B	9	323.5	369	-0.123	0.123	2.445
698776325_0	38B	16	0	159	-1	1	17.833
698776325_0	38B	17	0	212	-1	1	20.591
698776325_0	38B	18	112.3	256	-0.561	0.561	10.589
699467575_0	49D	6	5.7	558	-0.99	0.99	32.898
699467575_0	49D	7	119.5	1512	-0.921	0.921	48.755
699467575_0	49D	8	361.7	1296	-0.721	0.721	32.453
699467575_0	49D	9	1256.6	1150	0.093	0.085	3.073
699467575_0	49D	10	1001.3	1316	-0.239	0.239	9.245
699467575_0	49D	11	213.5	1487	-0.856	0.856	43.674
699467575_0	49D	12	125.8	1557	-0.919	0.919	49.34
699467575_0	49D	13	204.7	1676	-0.878	0.878	47.98
699467575_0	49D	14	14.5	1525	-0.99	0.99	54.443
699467575_0	49D	15	93.1	1670	-0.944	0.944	53.111
699467575_0	49D	16	181.6	1816	-0.9	0.9	51.715
699467575_0	49D	17	361.2	1899	-0.81	0.81	45.745
699467575_0	49D	18	1089.9	2188	-0.502	0.502	27.124
699467575_0	49D	19	3049.7	1538	0.983	0.496	31.563
699467575_0	49D	20	1436.7	1212	0.185	0.156	6.174
699467575_0	49D	21	791.2	1121	-0.294	0.294	10.666
699685407_5	43A	7	0	557	-1	1	33.377
699685407_5	43A	8	31.3	630	-0.95	0.95	32.925
699685407_5	43A	9	50.6	666	-0.924	0.924	32.511
699685407_5	43A	16	0	731	-1	1	38.236
699685407_5	43A	17	0	737	-1	1	38.393
699685407_5	43A	18	1.3	694	-0.998	0.998	37.151
780041148_0	40B	6	1324.2	4258	-0.689	0.689	55.532
780041148_0	40B	7	8046.2	4677	0.72	0.419	42.242
780041148_0	40B	8	8155.8	3684	1.214	0.548	58.12
780041148_0	40B	9	5130.2	3653	0.404	0.288	22.291
780041148_0	40B	10	3165.2	3517	-0.1	0.1	6.086
780041148_0	40B	11	1577.7	3494	-0.548	0.548	38.054
780041148_0	40B	12	1241.5	3518	-0.647	0.647	46.666
780041148_0	40B	13	1733.8	3416	-0.492	0.492	33.151
780041148_0	40B	14	2361	4421	-0.466	0.466	35.376
780041148_0	40B	15	2186.5	4282	-0.489	0.489	36.847
780041148_0	40B	16	1091.3	3616	-0.698	0.698	52.04
780041148_0	40B	17	1294.3	4338	-0.702	0.702	57.355
780041148_0	40B	18	1786.5	3898	-0.542	0.542	39.606
780041148_0	40B	19	3504.3	3223	0.087	0.08	4.85
780041148_0	40B	20	1209.1	2052	-0.411	0.411	20.874
780041148_0	40B	21	722.5	2250	-0.679	0.679	39.622
780387724_0	62B	7	1177.5	3867	-0.696	0.696	53.552
780387724_0	62B	8	2702.4	3101	-0.129	0.129	7.4
780387724_0	62B	9	1596.1	2873	-0.444	0.444	27.012
780387724_0	62B	16	2518.5	3268	-0.229	0.229	13.934
780387724_0	62B	17	4360.3	3862	0.129	0.114	7.772
780387724_0	62B	18	7553.4	3307	1.284	0.562	57.625
780387732_0	40A	6	85.5	2100	-0.959	0.959	60.941
780387732_0	40A	7	967.8	4707	-0.794	0.794	70.197
780387732_0	40A	8	2221	3982	-0.442	0.442	31.621
780387732_0	40A	9	1464.7	3708	-0.605	0.605	44.111
780387732_0	40A	10	313.1	3590	-0.913	0.913	74.178
780387732_0	40A	11	456.9	4990	-0.908	0.908	86.863
780387732_0	40A	12	577	4649	-0.876	0.876	79.66
780387732_0	40A	13	1712.7	4875	-0.649	0.649	55.1
780387732_0	40A	14	1771.2	3954	-0.552	0.552	40.798
780387732_0	40A	15	1251.5	4527	-0.724	0.724	60.938
780387732_0	40A	16	1848.1	4517	-0.591	0.591	47.309
780387732_0	40A	17	2452.8	5769	-0.575	0.575	51.722
780387732_0	40A	18	4288.6	5019	-0.146	0.146	10.707
780387732_0	40A	19	5901.3	5356	0.102	0.092	7.268
780387732_0	40A	20	4673.1	3672	0.273	0.214	15.498
780387732_0	40A	21	2473.9	2939	-0.158	0.158	8.94
822368641_8	33A	7	693.8	641	0.082	0.076	2.044
822368641_8	33A	8	1465.3	544	1.694	0.629	29.067
822368641_8	33A	9	1169.8	440	1.659	0.624	25.724
822368641_8	33A	16	0	420	-1	1	28.983
822368641_8	33A	17	0	628	-1	1	35.44
822368641_8	33A	18	410	608	-0.326	0.326	8.776
822368641_8_r	33B	7	110	403	-0.727	0.727	18.295
822368641_8_r	33B	8	80	362	-0.779	0.779	18.969
822368641_8_r	33B	9	213.5	395	-0.459	0.459	10.405
822368641_8_r	33B	16	80.8	506	-0.84	0.84	24.824
822368641_8_r	33B	17	923.5	713	0.295	0.228	7.359
822368641_8_r	33B	18	1298.7	752	0.727	0.421	17.073
834356151_16	SL2A	6	0	62	-1	1	11.136
834356151_16	SL2A	7	40	120	-0.667	0.667	8.944
834356151_16	SL2A	8	20	111	-0.82	0.82	11.244
834356151_16	SL2A	9	0	128	-1	1	16
834356151_16	SL2A	10	25.9	122	-0.788	0.788	11.175
834356151_16	SL2A	11	21.7	118	-0.816	0.816	11.522
834356151_16	SL2A	12	0.1	117	-0.999	0.999	15.277
834356151_16	SL2A	13	0	141	-1	1	16.793
834356151_16	SL2A	14	13.8	134	-0.897	0.897	13.982
834356151_16	SL2A	15	0	112	-1	1	14.967
834356151_16	SL2A	16	0	127	-1	1	15.937
834356151_16	SL2A	17	0	158	-1	1	17.776
834356151_16	SL2A	18	40	179	-0.777	0.777	13.283
834356151_16	SL2A	19	142.1	106	0.341	0.254	3.241
834356151_16_r	SL2B	6	0	121	-1	1	15.556
834356151_16_r	SL2B	7	138.5	164	-0.155	0.155	2.073
834356151_16_r	SL2B	8	188.3	122	0.543	0.352	5.323
834356151_16_r	SL2B	9	95.1	99	-0.039	0.039	0.396
834356151_16_r	SL2B	10	16.5	108	-0.847	0.847	11.597
834356151_16_r	SL2B	11	0	117	-1	1	15.297
834356151_16_r	SL2B	12	0	141	-1	1	16.793
834356151_16_r	SL2B	13	182.8	124	0.474	0.322	4.747
834356151_16_r	SL2B	14	40	132	-0.697	0.697	9.921
834356151_16_r	SL2B	15	35.8	108	-0.669	0.669	8.515
834356151_16_r	SL2B	16	22.9	133	-0.828	0.828	12.47
834356151_16_r	SL2B	17	17.1	153	-0.888	0.888	14.736
834356151_16_r	SL2B	18	0	138	-1	1	16.613
834356151_16_r	SL2B	19	20	63	-0.683	0.683	6.675
84718573_2	61A	6	0	480	-1	1	30.984
84718573_2	61A	7	568.9	629	-0.096	0.096	2.456
84718573_2	61A	8	1097.7	783	0.402	0.287	10.262
84718573_2	61A	9	937	652	0.437	0.304	10.111
84718573_2	61A	16	9.5	533	-0.982	0.982	31.786
84718573_2	61A	17	130	696	-0.813	0.813	27.851
84718573_2	61A	18	923.3	710	0.3	0.231	7.464
88529171_0	30C	6	401.7	3211	-0.875	0.875	66.099
88529171_0	30C	7	3304.7	3493	-0.054	0.054	3.23
88529171_0	30C	8	4374.7	2761	0.584	0.369	27.016
88529171_0	30C	9	2489.8	2096	0.188	0.158	8.224
88529171_0	30C	10	419.1	1885	-0.778	0.778	43.189
88529171_0	30C	11	455.7	1783	-0.744	0.744	39.672
88529171_0	30C	12	195.8	1794	-0.891	0.891	50.669
88529171_0	30C	13	460	2707	-0.83	0.83	56.467
88529171_0	30C	14	487.6	4278	-0.886	0.886	77.65
88529171_0	30C	15	119	4058	-0.971	0.971	86.192
88529171_0	30C	16	348.1	5592	-0.938	0.938	96.222
88529171_0	30C	17	730.2	6464	-0.887	0.887	95.602
88529171_0	30C	18	1023.8	2417	-0.576	0.576	33.589
88529171_0	30C	19	1536.5	1818	-0.155	0.155	6.874
88529171_0	30C	20	677.4	974	-0.305	0.305	10.322
88529171_0	30C	21	776.6	681	0.14	0.123	3.541
88595092_2	SL1B	6	0	102	-1	1	14.283
88595092_2	SL1B	7	0	162	-1	1	18
88595092_2	SL1B	8	0	118	-1	1	15.362
88595092_2	SL1B	9	0	125	-1	1	15.811
88595092_2	SL1B	10	0	136	-1	1	16.492
88595092_2	SL1B	11	0	125	-1	1	15.811
88595092_2	SL1B	12	0	129	-1	1	16.062
88595092_2	SL1B	13	0	149	-1	1	17.263
88595092_2	SL1B	14	0	154	-1	1	17.55
88595092_2	SL1B	15	90	157	-0.427	0.427	6.029
88595092_2	SL1B	16	151.5	177	-0.144	0.144	1.99
88595092_2	SL1B	17	315.8	166	0.902	0.474	9.651
88595092_2	SL1B	18	4.2	155	-0.973	0.973	16.902
88595092_2	SL1B	19	0	97	-1	1	13.928
88595092_2_r	SL1A	6	230	76	2.026	0.67	12.45
88595092_2_r	SL1A	7	0	137	-1	1	16.553
88595092_2_r	SL1A	8	0	133	-1	1	16.31
88595092_2_r	SL1A	9	230	152	0.513	0.339	5.644
88595092_2_r	SL1A	10	233.2	145	0.608	0.378	6.414
88595092_2_r	SL1A	11	0	163	-1	1	18.055
88595092_2_r	SL1A	12	60	139	-0.568	0.568	7.92
88595092_2_r	SL1A	13	0	146	-1	1	17.088
88595092_2_r	SL1A	14	0	178	-1	1	18.868
88595092_2_r	SL1A	15	0	203	-1	1	20.149
88595092_2_r	SL1A	16	13.4	188	-0.929	0.929	17.399
88595092_2_r	SL1A	17	0	199	-1	1	19.95
88595092_2_r	SL1A	18	70	166	-0.578	0.578	8.838
88595092_2_r	SL1A	19	0	218	-1	1	20.881
887686186_14	41A	7	610.5	1003	-0.391	0.391	13.819
887686186_14	41A	8	932.9	1012	-0.078	0.078	2.537
887686186_14	41A	9	325.6	942	-0.654	0.654	24.484
887686186_14	41A	17	157.4	1369	-0.885	0.885	43.857
887686186_14	41A	18	686.3	1749	-0.608	0.608	30.454
933724289_2	108B	7	491.7	805	-0.389	0.389	12.304
933724289_2	108B	8	1244.8	862	0.444	0.308	11.794
933724289_2	108B	9	386.2	830	-0.535	0.535	17.997
933724289_2	108B	16	593.8	733	-0.19	0.19	5.404
933724289_2	108B	17	704.6	880	-0.199	0.199	6.231
933724289_2	108B	18	1001.3	880	0.138	0.121	3.955
933724289_2_r	108A	7	1331.4	958	0.39	0.28	11.036
933724289_2_r	108A	8	1775.1	964	0.841	0.457	21.917
933724289_2_r	108A	9	1383.1	884	0.565	0.361	14.824
933724289_2_r	108A	16	462.1	615	-0.249	0.249	6.589
933724289_2_r	108A	17	739.4	859	-0.139	0.139	4.231
933724289_2_r	108A	18	795.8	906	-0.122	0.122	3.778
933924203_0	19B	7	242.6	465	-0.478	0.478	11.824
933924203_0	19B	8	436.6	411	0.062	0.059	1.244
933924203_0	19B	9	473.1	158	1.994	0.666	17.738
933924203_0	19B	16	0	70	-1	1	11.832
933924203_0	19B	17	0	101	-1	1	14.213
933924203_0	19B	18	0	141	-1	1	16.793
946462711_1	42A	7	1105.3	568	0.946	0.486	18.576
946462711_1	42A	8	1394.8	525	1.657	0.624	28.074
946462711_1	42A	9	1195.2	497	1.405	0.584	24.003
946462711_1	42A	16	50.5	362	-0.86	0.86	21.69
946462711_1	42A	17	250	512	-0.512	0.512	13.423
946462711_1	42A	18	408.6	530	-0.229	0.229	5.604
955637783_0	47B	7	145.1	1435	-0.899	0.899	45.891
955637783_0	47B	8	1331.4	1276	0.043	0.042	1.534
955637783_0	47B	9	967.2	1242	-0.221	0.221	8.268
955637783_0	47B	16	144.2	1690	-0.915	0.915	51.044
955637783_0	47B	17	524.1	1871	-0.72	0.72	38.921
955637783_0	47B	18	1230.3	1812	-0.321	0.321	14.915
959065640_0	55D	7	0	2395	-1	1	69.21
959065640_0	55D	8	32.9	1842	-0.982	0.982	59.087
959065640_0	55D	9	13.5	1622	-0.992	0.992	56.248
959065640_0	55D	16	0	1397	-1	1	52.858
959065640_0	55D	17	0	1861	-1	1	61.008
959065640_0	55D	18	0	1698	-1	1	58.275
973189134_0	54B	7	527.9	715	-0.262	0.262	7.505
973189134_0	54B	8	1250.7	807	0.55	0.355	13.833
973189134_0	54B	9	964.2	1030	-0.064	0.064	2.084
973189134_0	54B	16	252.9	1570	-0.839	0.839	43.627
973189134_0	54B	17	205.8	1723	-0.881	0.881	48.856
973189134_0	54B	18	201.9	1728	-0.883	0.883	49.128
973189143_0	54A	7	964.2	1192	-0.191	0.191	6.938
973189143_0	54A	8	1735.3	1114	0.558	0.358	16.461
973189143_0	54A	9	1460.5	1363	0.072	0.067	2.595
973189143_0	54A	16	1766	2599	-0.321	0.321	17.831
973189143_0	54A	17	1709	2102	-0.187	0.187	9.003
973189143_0	54A	18	1974.1	1866	0.058	0.055	2.467
974187989_0	44A	7	380.6	1382	-0.725	0.725	33.732
974187989_0	44A	8	1783.2	1851	-0.037	0.037	1.591
974187989_0	44A	9	1307.1	1151	0.136	0.119	4.453
974187989_0	44A	16	726.9	1861	-0.609	0.609	31.528
974187989_0	44A	17	1463.3	2662	-0.45	0.45	26.394
974187989_0	44A	18	2385.8	2525	-0.055	0.055	2.809
974187992_0	38A	7	450.9	1217	-0.629	0.629	26.529
974187992_0	38A	8	1593.9	1354	0.177	0.151	6.249
974187992_0	38A	9	591.7	967	-0.388	0.388	13.443
974187992_0	38A	16	1003.7	1298	-0.227	0.227	8.675
974187992_0	38A	17	1955.6	1782	0.097	0.089	4.016
974187992_0	38A	18	3114.7	1965	0.585	0.369	22.813
974509283_0	62A	7	7555.8	3503	1.157	0.536	54.502
974509283_0	62A	8	6178.8	3027	1.041	0.51	46.456
974509283_0	62A	9	5714.1	2964	0.928	0.481	41.749
974509283_0	62A	16	1692.4	3203	-0.472	0.472	30.533
974509283_0	62A	17	1552.6	3446	-0.549	0.549	37.873
974509283_0	62A	18	1487.3	3530	-0.579	0.579	40.784
974869515_0	102A	6	43.5	1153	-0.962	0.962	45.361
974869515_0	102A	7	122.5	2060	-0.941	0.941	58.652
974869515_0	102A	8	807.2	1816	-0.556	0.556	27.855
974869515_0	102A	9	900.6	1842	-0.511	0.511	25.422
974869515_0	102A	10	615.9	1888	-0.674	0.674	35.952
974869515_0	102A	11	593.1	1922	-0.691	0.691	37.474
974869515_0	102A	12	585.1	2200	-0.734	0.734	43.275
974869515_0	102A	13	226.2	2179	-0.896	0.896	56.312
974869515_0	102A	14	182.5	1852	-0.901	0.901	52.345
974869515_0	102A	15	69.5	1612	-0.957	0.957	53.198
974869515_0	102A	16	153.3	1921	-0.92	0.92	54.889
974869515_0	102A	17	88.7	2977	-0.97	0.97	73.772
974869515_0	102A	18	140.7	2190	-0.936	0.936	60.031
974869515_0	102A	19	166.3	1821	-0.909	0.909	52.493
974869515_0	102A	20	203.8	1357	-0.85	0.85	41.281
974869515_0	102A	21	36.4	935	-0.961	0.961	40.774
982055241_1	61B	6	0	97	-1	1	13.928
982055241_1	61B	7	186.5	419	-0.555	0.555	13.362
982055241_1	61B	8	713.9	466	0.532	0.347	10.206
982055241_1	61B	9	264.8	485	-0.454	0.454	11.373
982055241_1	61B	16	24.1	484	-0.95	0.95	28.854
982055241_1	61B	17	144.2	579	-0.751	0.751	22.865
982055241_1	61B	18	323.9	640	-0.494	0.494	14.399
982374013_2	45A	7	2487.2	2208	0.126	0.112	5.762
982374013_2	45A	8	3492.6	1762	0.982	0.496	33.763
982374013_2	45A	9	2068.7	1533	0.349	0.259	12.624
982374013_2	45A	17	274.1	1693	-0.838	0.838	45.243
982374013_2	45A	18	540.6	2197	-0.754	0.754	44.771
998266947_0	28B	7	424.1	2603	-0.837	0.837	56.007
998266947_0	28B	8	3067.5	2273	0.35	0.259	15.375
998266947_0	28B	9	2852	1760	0.62	0.383	22.74
998266947_0	28B	16	1216.9	1376	-0.116	0.116	4.419
998266947_0	28B	17	608.6	1527	-0.601	0.601	28.105
998266947_0	28B	18	2484.6	1419	0.751	0.429	24.12
