ITERATION	avg. EXECUTED	avg. WORST	avg. AVG	avg. BEST
0	-25.01264181605057	-25.01264181605057	-25.01264181605057	-25.01264181605057
1	-22.0161227395607	-23.593616746717377	-22.790953157397613	-21.988289568077906
2	-19.41887929450694	-21.846590903126224	-20.4989233076415	-19.192254971435784
3	-17.710586904980854	-20.886062351819184	-19.172528486056283	-17.548804208988706
4	-16.583947249853566	-20.339465827668434	-18.307374960995496	-16.447717142157348
5	-16.184700423435935	-19.98743053550635	-17.847524643199726	-15.955626448999361
6	-15.634472717251242	-19.792407329641403	-17.474060776693126	-15.48499899390202
7	-15.205660481351945	-19.632558419289126	-17.131285053031494	-15.03901387102677
8	-14.914172943841864	-19.337880414337253	-16.778788051275782	-14.677852943492034
9	-14.825182409910234	-19.381917381870945	-16.735138374175015	-14.603996614261836
10	-14.814802695466941	-19.35657679588461	-16.615335985276047	-14.43329234578239
11	-14.712743847492577	-19.260450884928584	-16.509478752015728	-14.368125880335159
12	-14.602865650945054	-19.525595872374375	-16.587782631470812	-14.210624086856502
13	-14.55895976046084	-19.39275657681786	-16.5175004895612	-14.26269612346091
14	-14.321924183966939	-19.246348914726696	-16.302180490669745	-13.999907351512517
15	-14.476495848752563	-19.59743049176316	-16.580646331096702	-14.18610342685625
16	-14.403489715930236	-19.322760207518677	-16.35947962105111	-14.055240282406881
17	-14.30352357330913	-19.254686316194686	-16.299445231096282	-13.987439327926188
18	-14.329624331819465	-19.432345695213698	-16.34016833547674	-13.75648585338914
19	-14.23598835988526	-19.285347453697582	-16.299953132609495	-13.884104813521505
20	-14.239732071773496	-19.24571645101181	-16.29831739215079	-13.90326631846867
21	-14.244437372596867	-19.43185719097467	-16.40335825248084	-13.799037886144166
22	-14.148604804772809	-19.295354671355973	-16.284183865471583	-13.758333573921394
23	-14.24512749009171	-19.32484289563709	-16.32971564285277	-13.77256397469822
24	-14.172524933728445	-19.270830293168196	-16.340939099002867	-13.834119555041735
25	-14.20493364128637	-19.392145197413896	-16.393495563327427	-13.6828882225307
26	-14.234501019220389	-19.24179019798253	-16.34134500370367	-13.801068475892428
27	-14.213406909704624	-19.24440922372978	-16.393845130559296	-13.834536254516124
28	-14.124426043060613	-19.170911655861993	-16.327408853369207	-13.75211420522612
29	-14.194096917840897	-19.170717632083118	-16.348062037231404	-13.74151732675387
30	-14.18409442446803	-19.111539876468672	-16.34453169900757	-13.743974567596235
31	-14.238547347838196	-19.173331255522516	-16.351992649653468	-13.673561739411507
32	-14.114006653368268	-19.004101620254918	-16.292485903694487	-13.707831706078897
33	-14.146300272083465	-18.995083199915918	-16.31863453532857	-13.70456278487834
34	-14.257763466400299	-18.997179754686925	-16.31034027139856	-13.655212417871292
35	-14.298009522934215	-18.977989029159396	-16.36167254286104	-13.69216442263052
36	-14.270932608942491	-18.968155166531062	-16.366987298014838	-13.769894534701022
37	-14.278447766025046	-18.886668372658658	-16.373987011495817	-13.818218463207048
38	-14.258540217666571	-18.904218436961397	-16.336934404973377	-13.683451549827462
39	-14.232988285521497	-18.889611558751653	-16.36025237818196	-13.611866945748938
40	-14.177531189032289	-18.842486133347315	-16.34019390239093	-13.545215479908201
41	-14.213147008389436	-18.760492484886647	-16.405440292468263	-13.846347252477504
42	-14.179217146531249	-18.644973535252852	-16.322703211347633	-13.797201910710484
43	-14.09751080461531	-18.597364898559192	-16.290160958884243	-13.682520450031387
44	-14.089285583055279	-18.628831133041178	-16.252321411074135	-13.568100727889409
45	-14.279200873992394	-18.511149138692847	-16.31256422877495	-13.902660953780153
46	-14.119818027522811	-18.587355384373343	-16.226179332198765	-13.585293124414205
47	-14.319998556467871	-18.475127665065816	-16.278212204987174	-13.813203240509278
48	-14.354023757031197	-18.566797109437314	-16.275838323359828	-13.689355834929344
49	-14.21536278575322	-18.404652349457248	-16.256439181386426	-13.790490669535627
50	-14.169758580264253	-18.343236463609973	-16.221886135607317	-13.733920785105651
51	-14.082111864954998	-18.3429838893119	-16.175125177889754	-13.565067845987722
52	-14.117468461019875	-18.248102368266927	-16.1728607801193	-13.694150087923669
53	-14.217135202050253	-18.209772184457247	-16.175819895730278	-13.74033050313591
54	-14.12246806732946	-18.181815919092312	-16.148557121933113	-13.637777661128268
55	-14.244538135481635	-18.163062430557535	-16.16528780704203	-13.70469322764883
56	-14.034742023393415	-18.237690896127138	-16.1174162930251	-13.365836154781093
57	-14.25327473907016	-18.09391945093317	-16.187098457243664	-13.757785950499366
58	-14.040167384057572	-18.0174294637937	-16.129317553272216	-13.687100907237266
59	-14.125878738965353	-18.007790499811904	-16.126566300753094	-13.694571139864562
60	-14.036438894866636	-17.930046389858592	-16.0768797924521	-13.615862422682886
61	-14.087517213021087	-17.892260854920774	-16.073712428078554	-13.614244354915677
62	-14.263349649615133	-17.903884478097826	-16.121138663245894	-13.826456742167286
63	-14.22309906564087	-17.934720982826526	-16.085242202377206	-13.639229700882208
64	-14.18913070960477	-17.909716433514554	-16.084693503961716	-13.740601099708131
65	-14.255842563186803	-17.80864710462542	-16.08047583724818	-13.86022980586631
66	-14.106230982563375	-17.777198826802426	-16.023479053116215	-13.694124738632743
67	-14.351773050575732	-17.792160551341613	-16.067206689675615	-13.848646076655392
68	-14.02041599957949	-17.82631680708303	-15.986724779387393	-13.44826098177594
69	-14.149464274778072	-17.777495822506946	-16.030902242285745	-13.743019277708735
70	-14.05922978836909	-17.728374583344383	-15.982556220819484	-13.687685821893908
71	-14.098136203773816	-17.70528581926992	-15.957470896068537	-13.616836456610471
72	-14.048814444939772	-17.678836010428437	-15.946678342869333	-13.563040668223554
73	-14.122858236441287	-17.677858805105817	-15.955989317136549	-13.611344299799116
74	-14.046461094633848	-17.604769406752396	-15.934169425051437	-13.678099196870996
75	-14.088838547544205	-17.657561284480906	-15.923362330093333	-13.56096154519072
76	-14.09611090697483	-17.621500026246125	-15.921153262235546	-13.59499289169944
77	-14.098336920290478	-17.625257910991106	-15.915347707044806	-13.516855528725655
78	-14.289033905496263	-17.834404740033104	-15.972189396822474	-13.543753838481331
79	-14.121803977148064	-17.639969204657838	-15.964475663732896	-13.712067421676956
80	-14.09758503713767	-17.649530633491715	-15.930838695907397	-13.586231944917781
81	-14.272947932249926	-17.646391061476958	-15.971550125907987	-13.78090037006859
82	-14.0143562504916	-17.617113330358897	-15.891669448016781	-13.462819698520073
83	-14.163030738475344	-17.566718743165147	-15.92775774513055	-13.644346933150821
84	-13.996306833590939	-17.53483038502923	-15.88339647690774	-13.54131890676482
85	-14.039056695799273	-17.479477419665326	-15.886647328080958	-13.682162497921723
86	-14.174542291103055	-17.502022344120597	-15.887155207358099	-13.69694207501071
87	-14.19486417679286	-17.46566992992322	-15.87427601419027	-13.720223550562428
88	-14.484548874482325	-17.53062082797477	-15.939759109924134	-13.867982161447502
89	-14.154489011661646	-17.604228760399977	-15.884142885940534	-13.598023739533785
90	-14.225244569258429	-17.508737565943193	-15.907517897969928	-13.812115276938805
91	-14.306488106173601	-17.509269594848817	-15.91268090550254	-13.834349229678464
92	-14.18795350953127	-17.62997187300416	-15.873667970219424	-13.580179807178556
93	-14.312713817659436	-17.428109629668597	-15.9112967850069	-13.916770579074221
94	-14.123030672860244	-17.585619537544936	-15.830689950540478	-13.380175061021438
95	-14.028157747390216	-17.505165021915467	-15.838804398907392	-13.42474742570138
96	-14.166406634121033	-17.483896901218767	-15.889538260514822	-13.620141597332866
97	-14.020363966824354	-17.607670533581825	-15.844871928485198	-13.355819904113945
98	-14.039102210790109	-17.418927980892935	-15.846052907257961	-13.577680069638976
99	-14.298526613474317	-17.469528205733816	-15.906225898124418	-13.845692020331457
100	-14.176842427582354	-17.451827314243804	-15.863897503783733	-13.74604820083406
101	-14.3494847029382	-17.425920251436956	-15.901483060010033	-13.894198424362719
102	-14.048309274471675	-17.442731008810025	-15.825077103546349	-13.586384171893428
103	-14.072240886065444	-17.327259061442092	-15.820327400636597	-13.725352440442943
104	-14.19142697479465	-17.311335704224813	-15.821305141451205	-13.773474427617359
105	-14.01225967384875	-17.353224937228326	-15.762238812264815	-13.548691657261257
106	-14.230329803241904	-17.38058145892942	-15.79299300834865	-13.6084342274476
107	-13.949495879372614	-17.511788273273677	-15.739496064188842	-13.229581310201276
108	-14.0169759980047	-17.375330546879777	-15.785253340171588	-13.543365900281971
109	-14.089373157309483	-17.39300405501171	-15.803095261789302	-13.553672147712096
110	-14.018774135411427	-17.359229285320506	-15.794287020389861	-13.589437175751716
111	-13.993529128718668	-17.308267171465314	-15.767019408574667	-13.512493110416452
112	-14.009871613167949	-17.354362046490508	-15.765530882464066	-13.502715961085293
113	-14.077203835419208	-17.306263855717027	-15.788302742855697	-13.61529828613363
114	-14.020416393269842	-17.272770990262853	-15.767285157650884	-13.56322883038873
115	-13.99302544552588	-17.341428068379948	-15.742598158330482	-13.44126267464499
116	-13.912235746217693	-17.2805300167101	-15.719590401170247	-13.460462870615265
117	-14.349010196582341	-17.217004212487854	-15.813834698126628	-13.885850458867509
118	-14.121757171727243	-17.2156203467975	-15.758485882551721	-13.566853516530076
119	-14.136406393532571	-17.239783382763346	-15.79271152040319	-13.696956488455582
120	-14.042521499872622	-17.187629327314408	-15.764231799835846	-13.619175940263462
121	-14.110464292275473	-17.404479934909897	-15.763659078282915	-13.475320923334799
122	-14.05462665021853	-17.225909578051294	-15.744362262655496	-13.627575654181747
123	-14.029862361442323	-17.215999798780395	-15.713146607044123	-13.57975499330681
124	-14.14300064302738	-17.23336773750466	-15.720084927414929	-13.604717614585253
125	-14.007508376857508	-17.161945902557292	-15.68924611376457	-13.43316785211194
126	-13.925297761213024	-17.165195314208667	-15.691489978755186	-13.42667084415935
127	-14.041443728510522	-17.141229035983006	-15.726232464370696	-13.607402058563258
128	-14.228979204394816	-17.191055112289078	-15.768035890717272	-13.696494120888769
129	-14.179631374504194	-17.176727382483342	-15.771006729919316	-13.771924183966798
130	-14.131897872321224	-17.130976614786768	-15.74589702515787	-13.741545278776101
131	-14.08042581996935	-17.281771103995595	-15.708988132784134	-13.40210821238243
132	-14.154905251830018	-17.185099603685	-15.758003644552778	-13.68285642109075
133	-14.022422486723316	-17.12219965792665	-15.725617999964584	-13.623916345152214
134	-14.153395623911509	-17.13853402797811	-15.740761332816874	-13.672953684504817
135	-13.981026613474159	-17.13815538524786	-15.697280261672638	-13.553987953071609
136	-14.08533076559623	-17.09926896056957	-15.711724536975924	-13.694821023944616
137	-14.217862610779802	-17.147770246625083	-15.730100095068797	-13.798286068606785
138	-13.931662314199412	-17.101001220440427	-15.643355622045279	-13.456147542058863
139	-14.048127323866707	-17.130108942897383	-15.678351496315162	-13.617415378423521
140	-14.121422272380729	-17.02565571332343	-15.681016623943854	-13.797684422105712
141	-14.007778514124253	-17.14187888769333	-15.61978562971489	-13.503359513748059
142	-13.944848604148081	-16.96485022265383	-15.592282853832476	-13.59206225995762
143	-14.21636988967874	-17.012976562294867	-15.637388598359658	-13.750369172287257
144	-13.918863612503102	-17.031032846906832	-15.560209094467904	-13.470011154562423
145	-13.979080667173552	-17.05234127713174	-15.557717519079102	-13.437941392613878
146	-14.052453653884355	-17.075991815612706	-15.580909858737787	-13.54585629860943
147	-14.178208795919236	-16.934245864062806	-15.61199756057705	-13.760811811588054
148	-13.988577683874789	-17.00316769901035	-15.558586667307793	-13.518421279406045
149	-13.960009820389063	-16.987791134090838	-15.547478309113696	-13.536124008118422
150	-14.125890834011013	-17.18333210851865	-15.570093859449244	-13.445823097381089
151	-14.114081323324472	-17.06862230212673	-15.577060389199186	-13.531824055361218
152	-14.042025909205835	-17.12569403252753	-15.568731911381363	-13.463528057005966
153	-14.163836141658262	-16.993365397233685	-15.606263869203996	-13.757578344399915
154	-14.010271974488319	-16.954097049071372	-15.550357481868028	-13.543328587175639
155	-14.112967922976297	-16.998234735746188	-15.567909960440874	-13.448724792874534
156	-13.974289760548196	-17.00923486260211	-15.567284494209627	-13.443189417600097
157	-14.172641422359503	-16.90820520896216	-15.621144617449207	-13.753889727303267
158	-13.982793102542743	-16.99351106270183	-15.572029073310656	-13.532650171036083
159	-14.030996605512899	-17.0406696455911	-15.564297146983213	-13.467107293771292
160	-14.037080413461855	-17.06909945495742	-15.561194354405657	-13.342147734529522
161	-14.007524233834081	-17.089267604524764	-15.580166148307196	-13.302211118692798
162	-14.147292065824557	-17.046740964804012	-15.653989921159624	-13.628377011101588
163	-13.940164584481057	-17.19793340944683	-15.598427498257276	-13.247062784878324
164	-14.045767893230602	-17.057377627883813	-15.639380664767822	-13.545463701739601
165	-13.992028030759819	-17.062175161631735	-15.624896560020025	-13.532650564726525
166	-14.025633382325507	-17.035763125202365	-15.616836368030372	-13.54899528008841
167	-14.039933203852597	-17.018252758020406	-15.609696226258146	-13.56978161115586
168	-13.906509037382504	-16.974229022860296	-15.557337931856116	-13.45884429979912
169	-14.182563406034532	-16.968457455184833	-15.626033866127479	-13.745080116006987
170	-13.98658661627368	-17.00841003735679	-15.581848161246459	-13.548700887115286
171	-13.972001434782399	-16.951413086270634	-15.571478201578012	-13.579802629851722
172	-14.180063537264555	-16.964712496609906	-15.608531981881262	-13.716729700882272
173	-14.033475477458596	-16.975431222277628	-15.57619813018875	-13.512157861123027
174	-14.069144029464953	-17.02470182322423	-15.593395658906328	-13.478492668608228
175	-14.06433905934193	-17.010439817852465	-15.602064896590297	-13.529710615643811
176	-14.134761839146382	-16.975816317157047	-15.633449494982345	-13.671878297157035
177	-14.135581765132516	-17.08797761213619	-15.631350854745268	-13.564376306833102
178	-14.08309383830651	-16.999372151212047	-15.619902160266708	-13.619772490660344
179	-14.169930622992768	-16.912407001565953	-15.63884668272023	-13.786190826137084
180	-13.919762823372347	-17.056606278925234	-15.56354846001386	-13.3775599284353
181	-14.016857147230906	-16.963211529880933	-15.588975568226267	-13.60066616799155
182	-13.987070943019464	-16.9152315337304	-15.577868382719284	-13.630466720033168
183	-14.0515819138599	-16.961748816741455	-15.573718384469004	-13.570373021704953
184	-13.940050676709577	-16.996056052771923	-15.544476596195796	-13.47503591331761
185	-13.980992646736565	-16.93938192785817	-15.539182835314584	-13.50525333980679
186	-14.070263138324943	-16.950262044740594	-15.555747666290083	-13.558669894927872
187	-14.12448949283871	-16.829259205795097	-15.574276239468428	-13.690034557272707
188	-14.135788583851154	-16.852121532243267	-15.58269153696722	-13.726482878839002
189	-13.994277118710208	-16.8059721092184	-15.541911839583998	-13.65765043349633
190	-13.937824772752622	-16.957187650367825	-15.497547037260121	-13.384048887605156
191	-13.99605850240103	-16.895288028310624	-15.515456360506256	-13.523378585863336
192	-13.976774297262123	-17.01215543336565	-15.508682389132025	-13.44957330516217
193	-13.953860791054764	-16.845019093986924	-15.489125762228257	-13.447483858690884
194	-14.03841769244855	-16.91825584192884	-15.521808293526528	-13.453807686586877
195	-14.082581012746527	-16.895573541376763	-15.564426082429666	-13.628974545724478
196	-14.062842663796424	-17.013078659352765	-15.566666093627939	-13.523591266195487
197	-14.213883821946418	-16.95922523905755	-15.617193919887983	-13.738845699587479
198	-13.929985739656297	-16.953961510196482	-15.551815908155977	-13.45800965416432
199	-14.166115434415264	-16.918837541446806	-15.613310241200892	-13.67479068790787
200	-13.97216875322538	-16.952665546836013	-15.577136477169935	-13.520238817003284
201	-13.881582416908941	-17.016087285548004	-15.547704776995776	-13.365867912477826
202	-14.145001224814205	-16.94924518604068	-15.617513054118849	-13.703436983280849
203	-13.975579621706682	-17.053953789489366	-15.561967010926722	-13.434297459383766
204	-14.125654750968383	-16.916585325844416	-15.596610118500477	-13.739263492646336
205	-13.928234779489147	-16.970508757425378	-15.529352907403648	-13.43674477047805
206	-13.952207553607106	-16.910355808684002	-15.530307245872292	-13.53578993989627
207	-13.885877885969142	-16.887073720724718	-15.499985158963007	-13.470842760032122
208	-13.957362951977991	-16.877218445710046	-15.505227694154645	-13.444451195506169
209	-14.006802118054322	-16.95091786742267	-15.518978434511356	-13.480765881035072
210	-13.880469125919161	-16.858635731345643	-15.473658753488168	-13.395832786540492
211	-14.064620679246657	-16.899337375222057	-15.517499897202693	-13.537507917551904
212	-14.041416192050335	-16.920527851412448	-15.514166593396144	-13.434090531306548
213	-14.053518564691604	-16.906724604778443	-15.53413643998796	-13.450192383401436
214	-14.014573633237518	-16.890238423313477	-15.55243683674036	-13.559479147528398
215	-13.951394385973547	-16.950705230833783	-15.537257083147153	-13.467349216555476
216	-13.982365729682828	-16.97759151115889	-15.546969420093577	-13.531334479409507
217	-13.981325227683822	-16.943618780784433	-15.527234170362604	-13.52858767923815
218	-13.950877514150376	-16.909382212190447	-15.510752168577966	-13.386636789935075
219	-14.12680128692994	-16.940048577027675	-15.570552042596887	-13.522085859513291
220	-13.972845616474993	-16.995062553038704	-15.574505180309908	-13.452213787039211
221	-13.987865082280894	-17.016159265286078	-15.596599593842333	-13.509611799339952
222	-14.012056070269049	-17.02626993604716	-15.607292246266132	-13.558855607464066
223	-14.128294292362801	-17.011916244542928	-15.63365887159543	-13.700778435386335
224	-13.912118929511363	-16.997170153014295	-15.574570606195516	-13.545999208244355
225	-14.141081248960685	-17.02183354767593	-15.610250064521189	-13.70421006010308
226	-14.060944244682398	-17.000327594201334	-15.576359594673386	-13.584826929301439
227	-14.11677563143522	-17.05641122717678	-15.592424868550852	-13.62888806505463
228	-14.0942072167829	-17.068349977690783	-15.587749207150907	-13.534013564822777
229	-14.022148565653966	-17.111919634655074	-15.574915451693988	-13.466774034801745
230	-13.98853656509393	-17.01956993692198	-15.562724778658021	-13.468060046542455
231	-14.13130114695113	-16.995972612267337	-15.606732956483796	-13.642398821552804
232	-13.929725291548964	-17.169642879014674	-15.551133755237931	-13.284533608041295
233	-14.046181443181057	-16.926049360034245	-15.584263168945304	-13.670030773469975
234	-13.978481010996603	-16.921718721293413	-15.556361918540818	-13.645380042518159
235	-14.041505909730715	-16.894164173293785	-15.537532062806466	-13.540697028948946
236	-14.09480816338998	-16.909632577447624	-15.565603858822154	-13.635644055711102
237	-13.970143434554968	-16.956823836644688	-15.534108154422464	-13.382355931164861
238	-14.164212247272037	-16.991894394722774	-15.608069398878225	-13.628420317051392
239	-13.900520677497001	-17.033950180660145	-15.549708954488937	-13.390323526066192
240	-13.96702461877589	-16.971069810066286	-15.55976945596325	-13.502624384311332
241	-14.112283754581815	-17.075619953107076	-15.577288117984292	-13.53648187274131
242	-14.009705125849209	-16.994175284113275	-15.545663477773543	-13.454505415430383
243	-13.993737150380445	-17.001930789218157	-15.54738070632397	-13.481938794256825
244	-13.935523564560373	-16.922060488351104	-15.527596869723046	-13.467927482217867
245	-14.004715318057654	-17.01450563414778	-15.538881187501238	-13.438583020567691
246	-14.015146627822046	-17.029001469777587	-15.545969031870873	-13.517711564875405
247	-13.954126444624611	-16.985498674575364	-15.517631160161692	-13.43774201027043
248	-14.224733799637475	-17.078407959546002	-15.58525239932425	-13.634270710304612
249	-13.917115080093517	-16.996389727303676	-15.514534849259872	-13.451816137808482
250	-14.079230925697072	-16.938049832462703	-15.549613375195543	-13.51625022965215
251	-13.904272219451187	-16.97195686027475	-15.53472395737607	-13.393935942188229
252	-14.041301628128195	-16.923654256668584	-15.570965346491047	-13.571892557500137
253	-14.016773269292635	-16.99225718047637	-15.564924807310057	-13.471282796601523
254	-14.0857980105504	-17.027220851596265	-15.580809927341924	-13.42270605320883
255	-14.004763413908018	-16.897759770084903	-15.60075586489378	-13.662280408212569
256	-14.12300269896636	-16.919092805963217	-15.611772608767758	-13.705094245119923
257	-14.066617105412242	-16.977521674846795	-15.591331009465835	-13.60465385860328
258	-13.972132533703709	-16.930515318933075	-15.570462904516729	-13.580416043322858
259	-14.083122162147546	-16.965559893441167	-15.587090641758884	-13.572657257464215
260	-14.059214215724442	-16.942956790285557	-15.593481388283406	-13.669597057819576
261	-14.179688109672973	-17.00133034566036	-15.604808383200533	-13.657678669850663
262	-14.120211149313098	-17.097695095491886	-15.591937189968565	-13.455120075588002
263	-14.146515773863802	-17.1016182646124	-15.633723066104722	-13.579398440985239
264	-14.150500336823592	-17.0590399639554	-15.656744244463958	-13.713146067906743
265	-14.017080347846976	-17.16535088755341	-15.615602147362488	-13.469545987418929
266	-14.068846968145856	-17.120937661303685	-15.623570905837832	-13.553347221857207
267	-13.958254135936416	-17.09113903397113	-15.589874112008967	-13.479128719280705
268	-14.126954869950536	-17.066821824449118	-15.617966608487713	-13.558401266807913
269	-14.012478871945243	-17.020673954314418	-15.607312918295591	-13.575135626361115
270	-14.002509689159035	-17.049295534675338	-15.600589850003699	-13.494536888795107
271	-13.999749612870426	-16.969792022081563	-15.596094682553954	-13.541222277629984
272	-14.179527177763964	-16.97238981041605	-15.637976257184471	-13.721846933150896
273	-14.001385812270343	-16.898481470302535	-15.598294715580307	-13.642976781011349
274	-14.186970814413895	-16.962628868008593	-15.626116374897986	-13.717343857990919
275	-14.088349693358191	-16.880591388677278	-15.601538430749347	-13.749504343717328
276	-14.0489646159765	-16.875679706569375	-15.581132029561463	-13.741544382036704
277	-14.107871687531967	-16.929879246389028	-15.56138265071738	-13.598805302572577
278	-14.096487624996065	-17.006073440767054	-15.562793287358623	-13.603214548174009
279	-14.069787210309054	-17.016595518052966	-15.531780368843807	-13.378696031599647
280	-13.970829133968065	-17.040327069280877	-15.538794943045588	-13.344751537579414
281	-14.135790224227934	-16.96867039797734	-15.58868796422611	-13.57925575006724
282	-14.052295587166846	-16.978965425229497	-15.575361403462226	-13.545322804300255
283	-13.930307275399155	-16.939237815280553	-15.536283241690603	-13.35879782245391
284	-14.091857344076315	-16.857924310823122	-15.599900785630869	-13.729029246825922
285	-14.074437372596966	-16.849717833302844	-15.593467516162846	-13.741212216651782
286	-14.024826076305182	-16.891255894421032	-15.565372241979198	-13.632789931147224
287	-14.074414735395731	-16.944344286676728	-15.56062341320845	-13.622372619265839
288	-13.98918206433715	-16.895737513451227	-15.526993781877616	-13.551793609965943
289	-13.950749236677407	-16.856773750470314	-15.50780061218823	-13.458149239301965
290	-14.06649291794569	-16.874319112359345	-15.544062526792453	-13.590359198795756
291	-14.127916327655042	-16.98447385457967	-15.56214764485576	-13.502952612791884
292	-14.131693743820936	-16.894613417845644	-15.583394101642018	-13.656046647944017
293	-14.076380628679381	-16.924638832751683	-15.577794643403543	-13.637321592608679
294	-14.041123308223979	-16.911311120443052	-15.562122040759776	-13.631889779795298
295	-13.988731726200914	-16.88204209425825	-15.530874309947675	-13.54238198034999
296	-14.204564140923356	-16.833742137126713	-15.587725586817177	-13.759580260360151
297	-14.11405560221469	-16.853760159400778	-15.571908336832454	-13.680236083041926
298	-14.111812878926568	-16.9742214552548	-15.55996442459916	-13.504309204482341
299	-14.072260045667711	-17.070356552321392	-15.553505150783176	-13.427006027837708
300	-14.124684828919337	-16.90619366945744	-15.575005263422293	-13.599146413479588
301	-14.140773579870503	-16.951523888261868	-15.589857412972158	-13.627653320559865
302	-13.999805473171618	-17.053097906441632	-15.550429953719084	-13.388267280823264
303	-14.036419385317396	-16.888143137100474	-15.559949760723383	-13.546319803504275
304	-13.937322817423363	-16.915285994243277	-15.547001242311696	-13.496247211358751
305	-13.934388336263602	-16.932911406524727	-15.522850000655698	-13.405409875505864
306	-14.110115088842337	-16.90076290648532	-15.556341652231074	-13.580148727504545
307	-14.194748081852211	-17.00674763567005	-15.572309272284707	-13.598227321242167
308	-14.158361744660759	-16.85724854115815	-15.562785006735991	-13.706522641575015
309	-14.03705023052709	-16.82980440145923	-15.530550927140602	-13.61568178437968
310	-14.049019710768247	-16.978150442245624	-15.524847968775594	-13.498926318643857
311	-14.30467168403227	-16.908289414976036	-15.574332162103836	-13.734595636159524
312	-14.060062924857078	-16.940068020961842	-15.532708381450526	-13.599021110556551
313	-13.998413165008403	-16.897843298076264	-15.48490416043283	-13.423074416244104
314	-14.07108439848419	-16.83799165376244	-15.5151376002814	-13.63892319099192
315	-14.049480700418554	-16.948897076192335	-15.497153771116583	-13.36143502357724
316	-14.114745938426445	-16.96068981129114	-15.559763807598651	-13.56638622783258
317	-14.045917451859935	-16.901789104397977	-15.557133680874182	-13.579659895190481
318	-14.023428343962516	-16.971488390506018	-15.545692876608319	-13.481873201052933
319	-14.057441624453729	-16.961264686841133	-15.562348939878687	-13.531440535243563
320	-14.022040541367524	-16.91652708152889	-15.56606864977262	-13.6365220947827
321	-14.037335852951715	-16.875589726428917	-15.555153817047199	-13.704390435946046
322	-14.07860581087075	-16.977595119988113	-15.542422409078887	-13.491683507869034
323	-14.066789344986141	-17.011338328827748	-15.558002155454748	-13.509350301391434
324	-14.069465893283127	-16.86309764398133	-15.566409407451774	-13.707866700786035
325	-14.006166482943947	-16.83114983858694	-15.539641028668985	-13.71444294987839
326	-14.103702221288746	-16.843531403375266	-15.532006688363005	-13.709924870737913
327	-13.940327769174267	-16.787801873091645	-15.487538745701816	-13.570598518848447
328	-14.12334879661901	-16.820738891367586	-15.524527473031837	-13.747414481684137
329	-13.986818915513528	-17.02870821413271	-15.450067426051527	-13.27646643132677
330	-14.023762105981051	-16.82989976203594	-15.472781508358992	-13.60478736341088
331	-14.101488215532074	-17.007212780941913	-15.47166019045838	-13.437993731572545
332	-13.98753105780205	-16.86987364723586	-15.450442012676493	-13.40310026858398
333	-13.937625893457996	-16.890492550501705	-15.45500484348581	-13.443877763487782
334	-14.1250184378358	-16.8018857991478	-15.486456809969647	-13.657088943421947
335	-14.008783955801137	-16.899814309335678	-15.448855776969621	-13.452145831692437
336	-14.03043185655609	-16.791415317183155	-15.455639412351225	-13.583872929843869
337	-14.058336242267776	-16.86818659615233	-15.456899830931663	-13.397287975818152
338	-14.008946484343678	-16.83546602013928	-15.481171451098769	-13.442128334338873
339	-13.986671872128804	-16.86397778273536	-15.503204539687934	-13.565606261427313
340	-13.980643880737569	-16.83720495087618	-15.48717168621954	-13.53086837178328
341	-14.05614653596073	-16.843034150459715	-15.495523541595302	-13.477095592416076
342	-13.916937372596836	-16.819181408186985	-15.483405226677824	-13.493819606658986
343	-14.011854347654593	-16.93801691556658	-15.494797400330297	-13.374971763645249
344	-14.115428728904352	-16.95145728895993	-15.537696300621556	-13.537283142174376
345	-13.910451628565424	-16.870418033647216	-15.494590263378463	-13.451041333122946
346	-14.126590771895366	-16.82531554289902	-15.547479624331434	-13.686502519618427
347	-13.977209522059129	-16.980481220965242	-15.500206115543437	-13.367241870291643
348	-14.047094608189944	-16.783078921812994	-15.521985729814146	-13.633640302528844
349	-13.996938028747657	-16.963364762954537	-15.500808411633587	-13.4205049298789
350	-14.01212680332039	-16.826158762237142	-15.500082198191993	-13.560486863861316
351	-13.96046035537074	-16.86724276703144	-15.478463959825646	-13.443596427914756
352	-14.082168556380287	-16.760970118894395	-15.515278260412662	-13.738836644707062
353	-14.029703616702427	-16.784867676263733	-15.483363760137347	-13.580868765473708
354	-14.109077320804603	-16.740518184124443	-15.49766737640287	-13.62557721582053
355	-14.008354548874088	-16.81010183459721	-15.479429258199534	-13.46411076262164
356	-14.049655214648103	-16.743988806067744	-15.506731374066822	-13.663693253894808
357	-14.216395895120485	-16.73398808430192	-15.537058793294472	-13.805118828901675
358	-13.956705226458842	-16.757708765299004	-15.475621173547047	-13.571385440451637
359	-14.053991343183851	-16.715770430347156	-15.498002743803495	-13.74572491535609
360	-14.027977896467567	-16.914933160109335	-15.466424278015193	-13.472862916983225
361	-13.959510445919486	-16.70308244315508	-15.434515673254122	-13.516295679028007
362	-14.102450635590857	-16.73535611488744	-15.469997645512004	-13.604685331967948
363	-13.964147200860467	-16.79012670271101	-15.454349553379766	-13.40950228777854
364	-13.996131816312289	-16.740904700663812	-15.488428135088041	-13.598252189355945
365	-14.035952096619738	-16.78196208760912	-15.488203338931989	-13.527792096444967
366	-14.006776834378377	-16.806394276615357	-15.48144149541096	-13.490990525182632
367	-13.931774909669343	-16.778206893082277	-15.470104673542778	-13.54875506329612
368	-14.023241209766542	-16.753203809173723	-15.471208141955538	-13.65012206591212
369	-13.964833206476891	-16.746304340218373	-15.429609927123261	-13.498668188935838
370	-14.0491182427403	-16.75196193450721	-15.446683667532415	-13.534454170056215
371	-14.005166356088099	-16.734661776156045	-15.44940518621515	-13.586984024915681
372	-13.973533109366528	-16.78836964034172	-15.430960801553638	-13.45884051599637
373	-14.090072023480777	-16.78197512313746	-15.462638743077173	-13.617136951785511
374	-14.001938947358601	-16.71003521342365	-15.43192485324052	-13.606416716970955
375	-14.176702120678852	-16.698269774196383	-15.470145809820993	-13.715234858227172
376	-14.0070753829728	-16.801998941410037	-15.435571143145436	-13.521444997068697
377	-14.022345935801598	-16.717904254481248	-15.436106919765553	-13.596348870982755
378	-14.06988862934418	-16.670240019946714	-15.440034020322885	-13.692159873318642
379	-14.016086826242107	-16.802694592442638	-15.410351249529363	-13.408306977944138
380	-14.095740750461145	-16.720402417259006	-15.448221129366377	-13.55731988661668
381	-13.930826509364856	-16.731826373760583	-15.429981680270592	-13.484444699613707
382	-13.995203428605993	-16.859601432158154	-15.434646591733994	-13.470039762735375
383	-13.925880335598553	-16.717464283526805	-15.405822825078763	-13.470917408116406
384	-13.98720429472493	-16.719180183372	-15.424419820564337	-13.509777389919151
385	-14.093464847816335	-16.848002414634617	-15.448133936773079	-13.448575474833971
386	-13.941866027137884	-16.844847969869342	-15.427243856241494	-13.345953562023228
387	-14.00320566826726	-16.79231503110129	-15.463393622651765	-13.533498989527464
388	-13.991338897491197	-16.751708966518773	-15.456747753776865	-13.531305083855614
389	-14.079742657672673	-16.79157476181714	-15.476592448360629	-13.623526219783724
390	-13.97238182724819	-16.72498663639616	-15.439302270062655	-13.595603943028161
391	-14.11858216757175	-16.929002978924366	-15.4443527696122	-13.373549119445117
392	-14.165198441860237	-16.693106720733223	-15.492683251970194	-13.679369242276548
393	-14.037552382701685	-16.84228589800781	-15.474844830187775	-13.463345340891687
394	-14.054613811535464	-16.820437302607854	-15.478682814536349	-13.480524133224382
395	-14.059835984181804	-16.783448312817633	-15.496303988083865	-13.598574753068013
396	-14.068729735876836	-16.73204659982674	-15.50006921406237	-13.678256301233935
397	-14.016949533257533	-16.80558642380332	-15.472160175148026	-13.473373380400693
398	-14.020334330681928	-16.763251861281038	-15.476276649562559	-13.511200034119373
399	-14.029979724941011	-16.777528651916366	-15.487485142559262	-13.545905947349885
400	-13.95585518315294	-16.73624524290681	-15.479438897053871	-13.539345773951094
401	-14.138366315844243	-16.74132446217492	-15.522143208183127	-13.666453876975602
402	-14.140126287148577	-16.81844802848556	-15.530508307961716	-13.620636094415193
403	-14.125998880168904	-16.802052527055153	-15.530934765491399	-13.666257906616158
404	-13.897415115963163	-16.87320925522513	-15.474787941917192	-13.393343153722466
405	-14.100962966850693	-16.756998810179986	-15.526224262486286	-13.749830100696764
406	-13.910420505148013	-16.901561791903852	-15.459915054722568	-13.383021246160961
407	-14.02961396463739	-16.797491316938174	-15.490304682510217	-13.63793999282563
408	-14.036266327217556	-16.928984147397692	-15.461371640507707	-13.442411354032265
409	-13.972918755412577	-16.809932132139828	-15.443915318276288	-13.427010992711903
410	-14.03857234718193	-16.834345905181852	-15.480122574428899	-13.509189872531206
411	-13.942635123312135	-16.78217527099008	-15.467483364390839	-13.446428812016832
412	-14.141847676788416	-16.81989558454279	-15.530008664470309	-13.643263234560274
413	-14.091722067661863	-16.914555435990348	-15.524729565277863	-13.554641588584309
414	-13.92417657454241	-16.856068738353297	-15.492072137213801	-13.49475112201729
415	-14.02034913781738	-16.83727190012507	-15.5148745308517	-13.662654807834858
416	-13.957676088990949	-16.91393602967564	-15.478426442218785	-13.495742390837853
417	-14.051736787310334	-16.884987489392273	-15.48861111803663	-13.460958089463471
418	-14.03365215698575	-16.997257858498845	-15.499173478604865	-13.390303425981314
419	-13.98135512628663	-16.866769113671523	-15.495810031232473	-13.46700206906146
420	-14.102167484667303	-16.958565391984372	-15.524924952756832	-13.48259046131716
421	-13.875180550816141	-16.884226223283804	-15.47295635722572	-13.34326986168291
422	-13.934572167834055	-16.896022370366573	-15.497827002571618	-13.465336146032367
423	-14.054194203126185	-16.854725597753404	-15.524421260815117	-13.664123448202933
424	-14.141418422963048	-16.828923956501516	-15.53273183884027	-13.68084116339845
425	-14.040820363419567	-16.92582944017219	-15.510002631164012	-13.503171767144671
426	-14.140952709027198	-16.894978653228787	-15.533670213161082	-13.641510021608608
427	-14.228852414197137	-16.918885834142657	-15.5568494177751	-13.695745190414558
428	-13.9042675389092	-16.92979523722039	-15.489522607674076	-13.375960976526745
429	-14.027043865864783	-16.889396210073215	-15.520398379744616	-13.523376398694225
430	-13.842238283334206	-16.901977047846565	-15.47612360349194	-13.380215239319583
431	-13.985978692597133	-16.832260351871668	-15.49584200983319	-13.525144068833988
432	-13.93420529207401	-16.955211674234185	-15.47205348503502	-13.353677046971159
433	-14.079828591550088	-16.827731249398493	-15.509533222005848	-13.622106921952557
434	-14.011647791395964	-16.906556236494332	-15.485041918190651	-13.386329208331723
435	-13.97546630447086	-16.852676854500654	-15.506018503450932	-13.559004750531003
436	-14.024289913650053	-16.82361097259032	-15.518936526162468	-13.657574998031164
437	-14.070518818403116	-16.931982406410988	-15.511398513162131	-13.454981255959582
438	-14.05262722763122	-16.897918143005697	-15.52937947822851	-13.575595216223023
439	-13.949318587438157	-16.854156649431474	-15.504155134816724	-13.51631669772408
440	-14.020753960962864	-16.75913768667475	-15.514497016700805	-13.67599398090994
441	-14.031598120783627	-16.898604257980818	-15.492517431738033	-13.539552767643388
442	-13.997721582110268	-16.83284069534475	-15.469081940106364	-13.468822953027848
443	-13.965724149846897	-16.886976807257664	-15.476293216275574	-13.46072078160633
444	-14.086682283054063	-16.891333692028876	-15.514501233563113	-13.60793638399634
445	-14.094260780556738	-16.92806015590136	-15.526565601952292	-13.641516101939128
446	-13.884429083225589	-16.94053463163697	-15.461386173153489	-13.362549911200308
447	-13.934168241427894	-16.9162619091362	-15.472854285320135	-13.367755111413759
448	-13.991127048283253	-16.88693684767672	-15.51202835336733	-13.5415950150034
449	-13.969140967428123	-16.944909582425627	-15.499648489103132	-13.497438212469765
450	-13.906385374836372	-16.82883019255826	-15.472269582818852	-13.513084520965615
451	-13.908084214761933	-16.87846228882869	-15.463694351853967	-13.438048826364453
452	-14.160320332799264	-16.994383437004995	-15.514089235408848	-13.580832021031298
453	-14.112089533957594	-16.797670774170278	-15.504618143224025	-13.719071065500914
454	-13.861397797957506	-16.920698581839478	-15.436259532776639	-13.349937293858714
455	-13.903527247753134	-16.728446913029266	-15.44950987834941	-13.632284323245589
456	-13.964317450110018	-16.779922792927415	-15.43154367776846	-13.601455036175253
457	-14.152621737836652	-16.925609870257052	-15.441325448588016	-13.387581887613909
458	-13.88116974182595	-16.883382610255033	-15.421871819855733	-13.298689623194022
459	-13.97103048476372	-16.81820492462997	-15.455867897167744	-13.466136409367587
460	-13.983909608671167	-16.77331747635652	-15.472326777293338	-13.575619384442547
461	-14.070904438203181	-16.796205939476415	-15.490761444362375	-13.616685323219409
462	-14.09429352247921	-16.795902754083368	-15.501846691468495	-13.65384215637346
463	-14.076971492436309	-16.792551114143915	-15.49682283492065	-13.677653626763513
464	-14.02438437748734	-16.807410654138568	-15.465908590544018	-13.54410743812446
465	-14.082432635188473	-16.87498641767927	-15.464098733191248	-13.52662161098084
466	-13.845844619126074	-16.84167937411962	-15.394397747652745	-13.287443221087393
467	-14.057662331696855	-16.745086743129985	-15.444188191691879	-13.60807026062256
468	-13.934515082718184	-16.81864445815045	-15.402648696884379	-13.38437943448507
469	-14.116201630752801	-16.81771900125096	-15.451555928103097	-13.567616619860642
470	-13.990762709639734	-16.819243523792	-15.426421305652166	-13.448385672291604
471	-14.0710109970861	-16.940919464056105	-15.44396570737389	-13.390936961409055
472	-13.998215335555082	-16.77797780898127	-15.440385267665407	-13.517876018126813
473	-13.95412583221723	-16.797555138535223	-15.427440522120666	-13.483190336211125
474	-14.048045195663533	-16.699577154580233	-15.44774910872816	-13.641314947988604
475	-13.914839921086324	-16.80456466584433	-15.397113917613312	-13.314537020025202
476	-14.050650792192116	-16.731313657559383	-15.444384820389411	-13.528776016376906
477	-13.91299051643379	-16.8135702256283	-15.421765620761997	-13.351502147799517
478	-13.910430675484799	-16.724182764231916	-15.436741461291126	-13.477483355641901
479	-14.071821890063624	-16.739307301645628	-15.472890251130401	-13.570295923990997
480	-13.935639309553896	-16.72615447538547	-15.449913615565295	-13.458406975319471
481	-14.032474978783782	-16.76101423409706	-15.483512040365987	-13.518629541656304
482	-13.965812817685904	-16.770763278304177	-15.477960287568443	-13.509316334653995
483	-13.983181653149424	-16.696551730925616	-15.477724866144953	-13.607103444353623
484	-14.043289611820725	-16.679009627918713	-15.49031682457982	-13.690747246353599
485	-14.037280955004947	-16.785682024968725	-15.47953091126165	-13.507099901139421
486	-14.001850454493155	-16.717332637813467	-15.487495773295212	-13.58388021311719
487	-14.03710359745532	-16.789899193371944	-15.492337789690106	-13.555203384862475
488	-14.138200353446146	-16.91572622765811	-15.512765562801949	-13.588266624672514
489	-14.066872916720705	-16.828821837572008	-15.485934429760743	-13.585573541376295
490	-13.927867816242205	-16.79849122507716	-15.445873138718744	-13.419635333280237
491	-13.992050689832597	-16.819874194028205	-15.454470042343349	-13.398762652773174
492	-14.01305090417522	-16.715251874403958	-15.469612383314184	-13.569923995870068
493	-14.116520760609374	-16.70244188691457	-15.491135045667741	-13.708757819129286
494	-13.979532492584967	-16.740052120241753	-15.450055508166619	-13.509406839714938
495	-14.011622682693652	-16.71762541228126	-15.456608714337802	-13.603768558129973
496	-13.925217820179132	-16.686583816697507	-15.416544429061084	-13.513580286606102
497	-14.100902316649071	-16.668224302948964	-15.447217879232904	-13.663047689036494
498	-14.08147957621359	-16.72737574691823	-15.435760205331087	-13.52339131518809
499	-13.985841753934142	-16.783035134685868	-15.442752562268398	-13.536162196092313
500	-14.0227182138697	-16.774183245409013	-15.440628355117186	-13.500469869556758
501	-13.938576612161926	-16.730960757810198	-15.427431798596356	-13.407595076244256
502	-13.899160826924422	-16.878165839916544	-15.432898821552948	-13.278052544552294
503	-13.908984606702678	-16.89369948732739	-15.453678011512938	-13.339251594445855
504	-14.002977502776961	-16.84775150258503	-15.48177367610606	-13.505225803346692
505	-13.940468426024943	-16.880550357383214	-15.462720291680453	-13.475709583300066
506	-13.992693673831315	-16.768135722596767	-15.463336849207295	-13.614033861752954
507	-14.171039517772376	-16.793082508770297	-15.495940945337766	-13.666342834395763
508	-14.095967822366273	-16.800523367715506	-15.499633459969942	-13.684540103933793
509	-13.961811938443713	-16.90768304418944	-15.444450339229473	-13.25223156872461
510	-14.040220576012274	-16.784343892985945	-15.493036263264793	-13.58399202120623
511	-13.93557148543719	-16.88527037785524	-15.460419100985588	-13.381478723217501
512	-13.962376009378072	-16.812734814484163	-15.475785275758087	-13.561759424511479
513	-14.028157550545068	-16.914664138299063	-15.476832895899216	-13.465184597079174
514	-14.000237614060296	-16.79922773243037	-15.479655009054424	-13.566497554744288
515	-13.979111703104536	-16.854714880624307	-15.473262450460297	-13.530946716183688
516	-14.133067832864747	-16.819972966588647	-15.493665511840792	-13.644942849268595
517	-13.978502860816718	-16.98377210134458	-15.437019288644853	-13.272281873616109
518	-13.946465556459133	-16.76762202216917	-15.444620131361058	-13.555782656622727
519	-13.994891844482959	-16.79646579704801	-15.443275026683214	-13.516741555339241
520	-14.056811675983479	-16.735332143512995	-15.46374833884471	-13.583773544875834
521	-13.86300816688913	-16.84240306466132	-15.42537490595132	-13.308995542548626
522	-14.122023153372544	-16.77244376787979	-15.49951370917617	-13.626625176066593
523	-14.056740614856382	-16.813328040383656	-15.492403478036033	-13.57904571620983
524	-14.089630084074097	-16.75120716429128	-15.507374143722828	-13.74369202908002
525	-14.138553887473856	-16.933526438501065	-15.48810805053201	-13.4998360935403
526	-13.993969974540889	-16.86984429542515	-15.454780079043989	-13.404989939021192
527	-13.979571161736239	-16.8237990253973	-15.465430935758087	-13.515482139575827
528	-13.986194085019042	-16.780616453636263	-15.457349271234834	-13.480940963928608
529	-14.048891345808324	-16.78115957148972	-15.475787526354948	-13.52776274463425
530	-13.938610906974779	-16.894293850555037	-15.452772489566977	-13.364602022693536
531	-14.013976448561658	-16.75790701031475	-15.46957674776657	-13.550896586265836
532	-14.00523194929212	-16.764377356674824	-15.47276443312906	-13.615206556257844
533	-13.972344054836258	-16.745300407688415	-15.449348959563343	-13.502702313149557
534	-14.146988114922086	-16.866015240194876	-15.488197914752337	-13.598966125122965
535	-13.963623920631537	-16.78047439699738	-15.433814524771414	-13.488562964226125
536	-14.074999606308927	-16.72812076235963	-15.453487091327098	-13.62634316247103
537	-14.003155341504097	-16.750964016692407	-15.434413539014404	-13.47939863783052
538	-13.940913383725077	-16.814455526101614	-15.443931003560397	-13.424297940560917
539	-14.04659306842281	-16.800727977393365	-15.486691920815336	-13.593107901804359
540	-14.102673989308638	-16.826522750933854	-15.491947097844857	-13.62997419140296
541	-14.0943200090982	-16.730718594437615	-15.483075991005895	-13.661339794230678
542	-14.368527641443695	-16.82057290709779	-15.549737333009368	-13.803919560291007
543	-14.265232649186284	-16.84814167169707	-15.538183990139943	-13.697859745587934
544	-14.086215059971726	-16.891004741782684	-15.524185095753808	-13.64359030384108
545	-13.989844601628507	-16.78075866337692	-15.493690043130835	-13.657398821552817
546	-14.077100382316784	-16.779704294725207	-15.497156233869338	-13.595284725684804
547	-13.962693083295639	-16.88499704732145	-15.480655396183376	-13.481231004435086
548	-13.965018350349107	-16.773527838289358	-15.475088837344249	-13.584440937682722
549	-14.08462695642249	-16.815278864071768	-15.487220022658766	-13.54234587018665
550	-13.984410864106342	-16.9032998259015	-15.481794910238149	-13.359319199845526
551	-13.985270465341564	-16.84850303579084	-15.514574993656849	-13.520520502523553
552	-14.096836740942464	-16.913571603545076	-15.552688434467502	-13.631492611742123
553	-14.03017256764848	-16.93521648600658	-15.533115096497497	-13.534208944646734
554	-14.07623925006285	-16.87772236949161	-15.534599300761656	-13.632850712579227
555	-14.029030012335166	-16.909216752841154	-15.505700023183644	-13.517946357487952
556	-13.988149501762287	-16.88286280762535	-15.482100123137293	-13.39026359763036
557	-13.88845034688457	-16.872087543634056	-15.484337326010165	-13.444701035842922
558	-14.154483828070688	-16.863650560352763	-15.542411532286753	-13.598661605556696
559	-14.061666776024527	-16.90273936379616	-15.54894269616685	-13.58802483311844
560	-14.077589498962887	-16.80977839601751	-15.553579561559696	-13.720753392299002
561	-14.078202453128469	-16.812393616090493	-15.540898269292555	-13.68018225680816
562	-13.923642927131775	-16.78897813268237	-15.499741164929683	-13.52437818779856
563	-13.938708520335751	-16.930120250562076	-15.48525003608785	-13.368637481080478
564	-14.078768383156465	-16.844405068108387	-15.529431257271835	-13.653385300472781
565	-14.00449150503432	-16.902592757845287	-15.49746845664559	-13.48332263807539
566	-14.072458881218703	-16.922433422569835	-15.517759610420912	-13.592804847641176
567	-13.91781423059692	-16.927872453041438	-15.480449369220002	-13.428289065028283
568	-14.067953946965044	-16.95752681469429	-15.516116451448795	-13.38931012309335
569	-13.972702684968375	-16.937673530003607	-15.538595145140148	-13.414810416174062
570	-14.029119205094764	-16.97477583702969	-15.580255957848658	-13.534091952966651
571	-14.030354802585611	-17.054093265268595	-15.57207411004047	-13.423398357872895
572	-13.916583969798946	-16.955168674487904	-15.551170942581988	-13.489682707364977
573	-13.880978758212255	-16.908267324567195	-15.519355442332715	-13.474408939397293
574	-14.02165802734783	-17.0283379482603	-15.51961345612057	-13.419171215978045
575	-14.014677348800506	-16.86281458054457	-15.522033426506345	-13.544525734232286
576	-13.971480451081073	-16.930717960158468	-15.513938900334598	-13.475573497632972
577	-13.99765513591025	-16.839746375860667	-15.520255070951395	-13.581327786671874
578	-13.998153307436612	-16.851890326588077	-15.512280736288202	-13.617890475315232
579	-14.022989444721121	-16.833337270237994	-15.49347907207121	-13.552437403217306
580	-13.981487756226347	-16.932266935251075	-15.476416215015693	-13.457273649859935
581	-14.009930404275897	-16.789717177151882	-15.470103445447263	-13.50958629694719
582	-13.960734254568491	-16.90440285906748	-15.459801169916553	-13.391032803163048
583	-13.836845686464375	-16.715279607709313	-15.435675428466004	-13.507306391782821
584	-14.11761274857129	-16.74070186259314	-15.474666287192502	-13.58687652555002
585	-13.990159400890068	-16.921467918602165	-15.453084331775647	-13.396830223178258
586	-13.956827226756502	-16.839393344881536	-15.446999993438197	-13.445721831447552
587	-14.011699824151078	-16.785392815586665	-15.452843066235925	-13.482265819794266
588	-14.182151255872085	-16.904228388581267	-15.497219073427246	-13.613651019657791
589	-14.059223904883885	-16.83101701180201	-15.468823652922252	-13.497082906834775
590	-13.906604091755462	-16.795872243073234	-15.459538350917963	-13.466386752753046
591	-14.079043572784052	-16.757286510415334	-15.500892547658013	-13.66532728799712
592	-13.899599398090416	-16.811480210493077	-15.45349369985886	-13.386170310490035
593	-14.024259686971845	-16.951463413033785	-15.488388778071917	-13.379006369036212
594	-14.009280355720556	-16.781757718519984	-15.503660576493658	-13.57585833267668
595	-13.942832580946545	-16.90121864692968	-15.484700758072318	-13.444602044565242
596	-13.854920715116233	-16.909366902005964	-15.452460217579326	-13.31366567369125
597	-13.997830218803802	-16.9839957612661	-15.476315496968153	-13.354218130757133
598	-14.039808250876568	-16.968163215313655	-15.494328360803822	-13.377327869784118
599	-14.015938951732938	-16.9400945950675	-15.525299490170516	-13.589583672344013
600	-14.200444629624394	-16.984630193433286	-15.557877549145337	-13.623621296028473
601	-14.072429398177938	-17.088751082648702	-15.55392144781807	-13.487513866652042
602	-14.131244346166913	-17.01161150625962	-15.56223504851116	-13.593590806889864
603	-13.894301221314718	-16.937880633054164	-15.506557133233171	-13.45030968128519
604	-14.055079197395845	-16.878044692615106	-15.53051909726725	-13.637906201061567
605	-13.869667287822265	-16.89272129777865	-15.476232804475575	-13.411857715894923
606	-14.03891829173291	-16.821114275215812	-15.515844708799895	-13.673222771930213
607	-14.062263085832798	-16.999126947674124	-15.499284692877273	-13.493823171744728
608	-13.966439769734388	-16.79080441895655	-15.481780054985073	-13.628954729971651
609	-14.156820599633855	-16.859711840459113	-15.510388109891663	-13.631548143967702
610	-13.924271103994869	-16.81843221525236	-15.474956031337427	-13.55733819322271
611	-14.040952709027232	-16.765079897290637	-15.49784523043964	-13.699848954095264
612	-13.973400610657142	-16.819534920343198	-15.46034364146132	-13.508981019745251
613	-13.972542890387292	-16.858277779235824	-15.454667435456361	-13.418849549005168
614	-14.090400230089882	-16.784332322861022	-15.498605922416294	-13.664245710960822
615	-14.097506889582354	-16.810197501377914	-15.497533548987876	-13.649175371599448
616	-13.987443242959007	-16.819233681530534	-15.465870217754151	-13.515762775254682
617	-13.960414884123216	-16.766038008626133	-15.462962381783317	-13.47889773234252
618	-14.060994724547392	-16.79222914096721	-15.498131737574255	-13.616065610700957
619	-13.950807568479771	-16.815657703647165	-15.4599824403118	-13.393364981671121
620	-14.04203286440358	-16.78416402019177	-15.494018377688729	-13.562075011154
621	-14.066289358109048	-16.75400923422834	-15.510276209941651	-13.743900269458726
622	-13.896754131561993	-16.781419035370845	-15.445428643604693	-13.486140893064297
623	-13.844553139462038	-16.8188297332529	-15.412387278767515	-13.383491356306772
624	-14.143111182558089	-16.698608501089065	-15.47039705978815	-13.69763422657267
625	-14.095704224735442	-16.75383251095773	-15.458739086025348	-13.570112223650627
626	-13.983289152515113	-16.701454051949415	-15.448531204342547	-13.625219744888017
627	-14.010899298355547	-16.734014199102237	-15.43947806378628	-13.532422639825132
628	-13.999022707190143	-16.67766987743085	-15.445423946658938	-13.65270635941276
629	-14.027274393497414	-16.658140774957584	-15.448106506390657	-13.739553533152609
630	-14.008455311758496	-16.7821085404582	-15.417969036245516	-13.34128959869772
631	-13.99822911472079	-16.896504225610865	-15.458261017864421	-13.348060352746025
632	-13.946266349088983	-16.73325124887357	-15.476383405290816	-13.567303920281404
633	-14.045044421405766	-16.724151990761452	-15.492095604445849	-13.670404582556392
634	-13.991666207360442	-16.73564473373406	-15.461081117730597	-13.559238930736182
635	-14.013029426173743	-16.79388091301184	-15.462332650936174	-13.550872964838572
636	-13.8400744074953	-16.76368321478872	-15.407510340935703	-13.355822353743484
637	-13.98399396778677	-16.67506544010209	-15.446840102621612	-13.63231500922932
638	-14.03148585338924	-16.64439787232164	-15.450862852462096	-13.735678919188096
639	-13.90713585820082	-16.756427871534388	-15.390494516766488	-13.416112219276338
640	-14.034331841683386	-16.681670362982548	-15.41386393839153	-13.578162996596214
641	-13.93246924840051	-16.678235873074165	-15.386486962284264	-13.508539867719428
642	-14.168841543966012	-16.654394897771713	-15.436931082298404	-13.673983819321743
643	-14.0197833390194	-16.796737530948505	-15.404087300857977	-13.441019133355516
644	-14.005296820730337	-16.685744206188673	-15.412255578374713	-13.59254166557258
645	-13.97135422954727	-16.756588825315117	-15.380159002825502	-13.378651260246318
646	-14.012301208191861	-16.67180620806093	-15.399495798447749	-13.587251165760705
647	-13.924196062219906	-16.70517403305242	-15.363255628679479	-13.383941147650862
648	-14.087666465446558	-16.590849912075665	-15.407215116838241	-13.613383419507267
649	-14.038927980892382	-16.63264286589132	-15.414355958504693	-13.555966728781714
650	-13.904985542811156	-16.62485496881065	-15.396073023017465	-13.499254722097843
651	-13.986092184806306	-16.657758435911113	-15.40879854093915	-13.511502628976773
652	-13.944673040077115	-16.657582325048057	-15.40722971400557	-13.526637227368791
653	-14.017952831508728	-16.605124384311523	-15.419062789252944	-13.636546744179523
654	-14.146396201324162	-16.734435207299715	-15.441025917954592	-13.574118308355315
655	-14.015481045991267	-16.70560886415915	-15.414700364382082	-13.5230112507978
656	-13.871588869058023	-16.68026563169804	-15.376185286037542	-13.467109240351833
657	-14.029263120827396	-16.598858713244383	-15.388564636317328	-13.536468356035645
658	-13.97684570833597	-16.60666587928544	-15.38302870878265	-13.489445005817323
659	-13.948101230938157	-16.689863958075968	-15.38085441873773	-13.396623688791525
660	-14.028255404494551	-16.578584945276702	-15.411459712343191	-13.643090951243053
661	-14.068305490669003	-16.62402994672027	-15.41431723686134	-13.62519522672136
662	-14.047387470144587	-16.69812841745171	-15.414368109323094	-13.587689212006126
663	-14.131157209346659	-16.661010909599707	-15.432847052351697	-13.708166649168813
664	-14.172063616002607	-16.779571730400665	-15.43101472511615	-13.516913051275372
665	-14.016240868568241	-16.70114609852745	-15.422732107862041	-13.523460385991136
666	-13.866148679386818	-16.731842668171367	-15.388353447634318	-13.3617081572658
667	-14.027128706157614	-16.844962861867106	-15.421722216389334	-13.431398082289592
668	-13.965841666447403	-16.706178993552157	-15.41319519391408	-13.504125569757106
669	-14.007747368834865	-16.7067203179267	-15.43478442713622	-13.572285504316875
670	-13.876648447546884	-16.724722666946544	-15.402083356298332	-13.418277254314788
671	-13.972075207999222	-16.69962649711707	-15.42133571734749	-13.495120819225585
672	-13.815623999369564	-16.734711577998727	-15.383533404634758	-13.34426784511293
673	-14.025714460687244	-16.64883443566645	-15.434680996998926	-13.624244486145992
674	-13.939806282424344	-16.782285176241995	-15.396499855646567	-13.363278938435112
675	-13.980138141605693	-16.70255279826404	-15.415618194622718	-13.508240028695337
676	-13.923910155463501	-16.739811750347638	-15.403475060802915	-13.4521539023469
677	-13.988211595495716	-16.72531877990946	-15.406925607813994	-13.428113916519727
678	-13.930057325703888	-16.668757534797646	-15.397608028660342	-13.444439865969768
679	-14.086111191306795	-16.683665367487922	-15.440738004470298	-13.59634922092983
680	-13.890312065299582	-16.735583667970108	-15.402826219565263	-13.400679772183857
681	-13.984575557946409	-16.781470696307096	-15.428503160459156	-13.471712925294598
682	-14.183663552137357	-16.724734324558398	-15.477573082070792	-13.723045654969324
683	-13.956461422709202	-16.79470105771499	-15.416938107486043	-13.314185695038212
684	-14.08376805508127	-16.885357317830696	-15.471701221752307	-13.363367496915496
685	-13.949836049796874	-16.88673046639199	-15.472784435884831	-13.407738576414726
686	-14.005624458674928	-16.83726413567447	-15.483718830651501	-13.487615504404294
687	-14.02120331487292	-16.771011478263873	-15.491736502978393	-13.65731072237767
688	-13.976600395439554	-16.780640818701123	-15.451148295538577	-13.46806258365853
689	-14.045598934410632	-16.713406209810714	-15.484646714215284	-13.659706525637437
690	-13.993913983009502	-16.731696346552514	-15.470681507702984	-13.653805565032732
691	-13.98583077434486	-16.75708964331641	-15.447019585006247	-13.485285447450558
692	-13.950952468438498	-16.68526633159215	-15.45764851753626	-13.606444931453655
693	-13.939613811535493	-16.711342921882874	-15.441322606361739	-13.538832795289286
694	-13.951748335563797	-16.781556848901463	-15.42297084612776	-13.31900914674107
695	-14.08880512759888	-16.661536858174976	-15.489995592853642	-13.678991321312077
696	-13.9236476514172	-16.72413884587459	-15.450763127389187	-13.51343455552293
697	-14.045053869976645	-16.703291514658435	-15.473853385299956	-13.618720352921075
698	-13.949357475306355	-16.7634010480914	-15.441801816224938	-13.405963929205202
699	-13.938645092429097	-16.795579534220295	-15.438084248663214	-13.408692991434433
700	-14.181078077565381	-16.76817465420849	-15.491136015677311	-13.644649834212029
701	-14.034385864762314	-16.88060763934447	-15.461765321119865	-13.472930609869703
702	-14.016881381065664	-16.7027737460957	-15.456375569757197	-13.587771580797869
703	-14.055872636763143	-16.798576152856832	-15.461516928689267	-13.47861182558585
704	-14.054545243781254	-16.675228734153777	-15.482028431011951	-13.671203511718314
705	-13.99222656010718	-16.825039740864234	-15.446020789042818	-13.386770054153772
706	-13.946564591479914	-16.724573020830515	-15.43926193538198	-13.413550650463534
707	-13.87133747583115	-16.773072294690223	-15.426692106724856	-13.347557850624522
708	-14.12126335266739	-16.69711457704502	-15.49139245251621	-13.650716582241447
709	-14.14102208603419	-16.807982467651712	-15.494831196468553	-13.586384434353745
710	-14.068463491771224	-16.716031381503353	-15.49035454559329	-13.707024115726988
711	-13.940995555671662	-16.73230720103582	-15.448631428090076	-13.498315792235934
712	-13.947897321154658	-16.75543981785242	-15.458611753409398	-13.56717820179651
713	-14.230853302187507	-16.75264874937653	-15.508890114432207	-13.76801330673674
714	-13.974204395334688	-16.758013109892005	-15.45359648806202	-13.483015668879467
715	-14.072523796400237	-16.92539712430983	-15.483867677357162	-13.412206372535636
716	-13.918153504281927	-16.842638316579546	-15.461299657488787	-13.419860983525743
717	-14.011381656648851	-16.94712689080775	-15.475208103680155	-13.42014428755102
718	-13.906083720461766	-16.729483434380555	-15.458402131833438	-13.566203905408782
719	-14.058027829540189	-16.77299147878871	-15.48241582241892	-13.595045777450617
720	-14.022272271943399	-16.743150157913654	-15.472582204753701	-13.561705751379666
721	-13.98148915601462	-16.88234757617898	-15.462287448710567	-13.377275880772466
722	-13.958925093829054	-16.697900776882463	-15.475476375291702	-13.572314877999176
723	-13.945437455709257	-16.926626860187497	-15.457034658976198	-13.320318911139186
724	-14.030460399114025	-16.674686688013324	-15.484207404879562	-13.661436423365375
725	-13.886124642397299	-16.79947293596855	-15.432047624515196	-13.376668831963645
726	-14.148931086672567	-16.6503661977375	-15.494345474309208	-13.745381245461097
727	-14.053021530492975	-16.759678529872314	-15.461636629178177	-13.530454056323522
728	-14.040686005616177	-16.702912915671345	-15.463717234017992	-13.603019671399155
729	-14.008254835830563	-16.664027278374018	-15.446052744678248	-13.595869618469703
730	-14.000238904490006	-16.76700799629049	-15.433394179286315	-13.496069022684766
731	-14.06669330638699	-16.74438170914139	-15.437418123320867	-13.536406065457136
732	-14.077765084905382	-16.68380904263209	-15.451264847597754	-13.683401244936235
733	-14.047743103855042	-16.67670408913138	-15.435452455315877	-13.644767372684425
734	-14.042907775823407	-16.814018289108724	-15.43318231039413	-13.513337510825997
735	-14.139359531245423	-16.7445436034051	-15.45207998258973	-13.656752010008013
736	-13.976063401659992	-16.667656579442053	-15.410332197098562	-13.496287848962355
737	-14.186598908164745	-16.654248226205507	-15.474521580798063	-13.762622437730805
738	-14.100605189714459	-16.707776436313896	-15.46010878104658	-13.657682650498542
739	-14.019384858664644	-16.723009676036344	-15.432458769673273	-13.512492957314606
740	-14.06705948225271	-16.656699605434444	-15.440671259721674	-13.577657257464237
741	-13.992008980516095	-16.722912325135635	-15.434310965153642	-13.4522579022418
742	-13.99792772280632	-16.797468876582233	-15.449722640700244	-13.428834982458373
743	-14.058015909468072	-16.71951685432545	-15.472817863485211	-13.58896102901889
744	-14.076278794081805	-16.719499706918977	-15.491149792656051	-13.689541263133453
745	-14.072608002413984	-16.719740383016877	-15.470534901751952	-13.65037719919805
746	-14.035830927446675	-16.67868763287019	-15.442879668512315	-13.62298795744595
747	-13.870566170616085	-16.697870834536033	-15.391560439139361	-13.47152382264637
748	-14.056886149094394	-16.66064046875385	-15.41790949165787	-13.566462035116697
749	-14.026751550702484	-16.682333906371575	-15.422079762779397	-13.580515253317497
750	-13.939397981679695	-16.756696849601468	-15.39039658407878	-13.332811081073503
751	-13.919357365947882	-16.689123404459945	-15.41442776873704	-13.515854505130553
752	-14.07214884998592	-16.63007501990303	-15.454407704740662	-13.777213349605393
753	-14.014031958915778	-16.72275309921865	-15.416041297034747	-13.557376709272352
754	-13.999625009841834	-16.756353551525226	-15.406495788605469	-13.526645429253415
755	-13.932003993770344	-16.836251826286293	-15.374526328048791	-13.283976404818333
756	-13.97723600867814	-16.796004807397754	-15.398568942853396	-13.359148753750468
757	-14.052521915434626	-16.784027475219094	-15.437066314969533	-13.512015979457566
758	-13.996537645555605	-16.64502981111577	-15.437577900404792	-13.662381105482327
759	-13.920590557552668	-16.73695841316496	-15.401002606011694	-13.41577027724508
760	-14.01804954813032	-16.64404965311476	-15.434347063287454	-13.610369915924762
761	-14.030112114292209	-16.69834477222795	-15.426874541787784	-13.54282311050403
762	-13.862125316045505	-16.62114504868619	-15.385507267963012	-13.485621549740134
763	-14.04411992686056	-16.721954520003845	-15.41875747246322	-13.449198664951332
764	-14.061884093155388	-16.659871328836346	-15.451854397959401	-13.571917600587383
765	-13.993239219442414	-16.732218773785533	-15.447944814440246	-13.542646277874965
766	-13.982341386489724	-16.774816890195304	-15.433726639939326	-13.42765852602238
767	-14.051354032702102	-16.644675511578715	-15.463639924148818	-13.68739729053436
768	-14.124164720085615	-16.751585413331384	-15.46927318618022	-13.59371453505106
769	-14.147603343743906	-16.784664531989662	-15.476530303228742	-13.607731008809322
770	-14.048414389823003	-16.77587233056012	-15.452357291584283	-13.555605823993606
771	-13.998251008284527	-16.701313941891463	-15.44273283947009	-13.638837366472826
772	-13.966242574559931	-16.63725096891608	-15.415983853223121	-13.620103824920912
773	-14.043257919739247	-16.666775106515153	-15.41210886853335	-13.601041945530229
774	-13.976636024425833	-16.71710134467169	-15.391144499706657	-13.390016469383566
775	-13.962132249371734	-16.740120534894064	-15.404337357724213	-13.448517558593792
776	-14.032206897456204	-16.642702291278187	-15.419024093855485	-13.57683545051261
777	-14.027900864368808	-16.801782980323978	-15.418706262083836	-13.392393419244847
778	-13.88083105867689	-16.776630359657947	-15.398571053471695	-13.30658012038129
779	-14.001805267577664	-16.725652782516548	-15.449699311260021	-13.586898419113542
780	-13.91286352939068	-16.81397594551308	-15.412837006683677	-13.37818788658164
781	-14.03018208183461	-16.66739265373596	-15.445817095788982	-13.616737093514093
782	-13.85011703542299	-16.69816717408972	-15.410678491596615	-13.483051363480804
783	-13.99759306404866	-16.7290963054339	-15.42076807804678	-13.508357370322273
784	-13.872522527842255	-16.789638110985734	-15.375354409988837	-13.306426799821061
785	-14.174005603526993	-16.664277884219985	-15.457053726717279	-13.683068073453375
786	-14.051763689491496	-16.820347147493944	-15.43332981745851	-13.467203572959054
787	-14.029454498131699	-16.6022147056506	-15.436820071432694	-13.668254967060717
788	-13.904308001539263	-16.62208507213262	-15.40129065291344	-13.527291125341796
789	-14.042811846582758	-16.678682252434164	-15.419686114974775	-13.554107941173326
790	-14.071922412359687	-16.773034325433105	-15.431880699762512	-13.55411233738346
791	-14.054438838000438	-16.70533643036481	-15.426266408142988	-13.57253048913813
792	-13.998521779830291	-16.910874911419576	-15.412032757232636	-13.391636133784292
793	-14.20849419962683	-16.694383611978555	-15.459830923072456	-13.690047155367074
794	-13.903998057793268	-16.803927171640158	-15.40360983307498	-13.395406638495412
795	-14.013354198926857	-16.66755352002986	-15.433188970324105	-13.66590314777334
796	-13.975069967541854	-16.7040625136697	-15.40826634252793	-13.46039191884671
797	-13.996623251357788	-16.795163709613686	-15.44046811216651	-13.484778002326603
798	-13.93625178254218	-16.897900798754005	-15.43016100517891	-13.39076946799237
799	-13.805602521368327	-16.799308263999876	-15.37591077990053	-13.231719793005889
800	-14.058259625731223	-16.789328648416742	-15.445311967970802	-13.55923370340194
801	-13.830274074170685	-16.651516320656196	-15.430136020051746	-13.630604752280693
802	-13.9373302100552	-16.65823020830572	-15.490382962389146	-13.829804488945626
803	-13.925852208603	-16.69638751826269	-15.497346591952493	-13.734743510668606
804	-13.947374828306785	-16.697607324392003	-15.534483986640407	-13.87309259162007
805	-13.98621674409191	-16.698033494308834	-15.546134889285156	-13.915200760259438
806	-13.96423753094786	-16.697822869915687	-15.542073070041603	-13.900801925583252
807	-14.001654790337449	-16.70105476234195	-15.550713279616135	-13.929413576196017
808	-13.957736192400436	-16.703864727959637	-15.541229478884603	-13.85750988600428
809	-13.9560898882787	-16.709120692369964	-15.549688432280583	-13.859544959449293
810	-13.975217579590598	-16.71543074110019	-15.562320482620413	-13.903389456094205
811	-13.91303049788673	-16.715003368240342	-15.549146030725	-13.85071520432495
812	-13.959335734844581	-16.71534469786428	-15.56079780276945	-13.897236992904286
813	-13.936125779725247	-16.714474773190375	-15.55457722566299	-13.869956540947706
814	-13.944714727521973	-16.712998237141516	-15.557692432612905	-13.886306921077626
815	-13.95884515279511	-16.71215821107042	-15.560669815096412	-13.899481006622269
816	-13.972372356805662	-16.711296488281	-15.563111116943263	-13.914076839627542
817	-13.920493884674341	-16.71379745063552	-15.548912725387593	-13.849345467747517
818	-13.993651653936931	-16.713095019378308	-15.569424375344035	-13.931186867360852
819	-13.957511395150895	-16.712743410059133	-15.560102922713975	-13.893979751187011
820	-13.949830866205904	-16.713807183538346	-15.558365096497583	-13.883351858655818
821	-13.938993377251153	-16.71299200370939	-15.556331089297409	-13.876130482138985
822	-13.934450276894996	-16.71343424931974	-15.555126494929867	-13.867955915417147
823	-13.937760360619917	-16.714104048012608	-15.556409543056299	-13.864484943526778
824	-13.95530357908296	-16.714228432324475	-15.56357095286174	-13.892293553099375
825	-13.925224141098095	-16.718349890204102	-15.555614643753575	-13.852121335397458
826	-13.89661419647733	-16.717642100382264	-15.550837226494107	-13.840266440950236
827	-13.971258628381884	-16.716381612905973	-15.567775370068595	-13.91037214683722
828	-13.913054119313914	-16.715977467782896	-15.552672436418739	-13.84764120364247
829	-13.944205926353042	-16.715430434896625	-15.560487339570955	-13.882027812042923
830	-13.979804948251042	-16.71546330804958	-15.568777749708905	-13.916788579476828
831	-13.920698888042491	-16.714995122612564	-15.553777071686406	-13.859632883650738
832	-13.961853691503592	-16.714981912110566	-15.563661047828761	-13.897798701695784
833	-13.879990617043749	-16.716537339352193	-15.543744931234878	-13.807632520580768
834	-13.909584744056797	-16.71614590168219	-15.553985656544	-13.840757832252214
835	-13.920185296973292	-16.715143653272253	-15.55788317017021	-13.859425408781364
836	-13.9551253029225	-16.71487229119077	-15.56614036814408	-13.892719307454273
837	-13.998443347943185	-16.715184269004183	-15.576443394967423	-13.929669365632904
838	-13.956565488219358	-16.714527680813063	-15.567069761948238	-13.897625827842981
839	-13.947297008826908	-16.714230116444668	-15.563843796750307	-13.882123741283616
840	-13.943061796277943	-16.719672471413514	-15.562928045413935	-13.848545576231233
841	-13.968787630245286	-16.719352794764603	-15.576955684671075	-13.905955749192362
842	-13.90442254358982	-16.72208837475811	-15.560908079840022	-13.840068589625375
843	-14.021127092026813	-16.722658875969895	-15.590321207666946	-13.949746528962017
844	-13.96445703524783	-16.723311067950924	-15.577985398458333	-13.899100089236006
845	-13.946634427792223	-16.723965862663146	-15.574306153381452	-13.878281431808006
846	-13.936144873712218	-16.723253107967246	-15.572898797494132	-13.872312078422741
847	-13.985525467397558	-16.72274601279043	-15.585471067031994	-13.923296392045158
848	-13.959867851236922	-16.72273024330057	-15.578994459900139	-13.897951737924116
849	-13.987058476154901	-16.722579941033874	-15.585672570929761	-13.924430679859052
850	-13.968018009150601	-16.722470298242346	-15.580389053655262	-13.9048505726002
851	-13.997925229433466	-16.722097342151898	-15.58795978670697	-13.934072618390852
852	-13.996734775114582	-16.723197925688616	-15.58747821579461	-13.927215799234753
853	-14.021601576511175	-16.723572544027522	-15.595354037076598	-13.956773509881147
854	-13.939630434021288	-16.7234132743671	-15.574644032746033	-13.875376389945497
855	-13.906502628976705	-16.72276687838452	-15.566206469864813	-13.84745266965818
856	-13.987102000822047	-16.722696254691357	-15.585364869031908	-13.922196442787577
857	-13.944119883117061	-16.72314145298015	-15.574675462367345	-13.876383231410694
858	-14.010461623928771	-16.724034430417298	-15.592323697759108	-13.942153202452495
859	-14.003583129926099	-16.729043682142986	-15.591504969248263	-13.914270229127261
860	-13.915132958014434	-16.72935544123942	-15.575119561603586	-13.841624782376039
861	-13.974498482104018	-16.72849717417725	-15.592659734433655	-13.916498976404217
862	-13.94312218401908	-16.727321986299444	-15.583421951960739	-13.886235378773403
863	-13.957939205444639	-16.725885344216437	-15.585593592250186	-13.900679116033208
864	-13.921249770346709	-16.72442545252518	-15.574430657987797	-13.863771926370738
865	-13.976110207080636	-16.72334407233394	-15.586756586659662	-13.918326859312101
866	-14.012497812830327	-16.72297575304223	-15.59498562483016	-13.94347278724047
867	-13.966396988704945	-16.721567762875797	-15.584505787249446	-13.90909182173646
868	-13.956138355948266	-16.72081981662762	-15.580369090268661	-13.89500290893461
869	-13.952673114440891	-16.721571437319916	-15.579508275154234	-13.887144847466326
870	-13.974482143950153	-16.721295044749343	-15.585305290543218	-13.912189968766643
871	-13.98239921524311	-16.722249612870964	-15.587083661408535	-13.91588932486401
872	-13.981860777931814	-16.72492043078476	-15.587841012484084	-13.90127579765998
873	-13.973285762402826	-16.723556512077497	-15.590214167606932	-13.915708205383334
874	-14.014525231183265	-16.72311995310713	-15.598683428037507	-13.955290237351031
875	-13.94813366665741	-16.72235363463781	-15.581237101169327	-13.889830581873909
876	-13.947715851726686	-16.72322369054182	-15.580217656141633	-13.879945408256287
877	-13.983339063716066	-16.725278645354827	-15.590181092140693	-13.908719106234601
878	-13.974618317104055	-16.724562150599645	-15.59088216735322	-13.918299235365122
879	-13.893446869285626	-16.72405886109718	-15.56915149317995	-13.834959471754523
880	-13.996795600289973	-16.72406349789587	-15.593676910273265	-13.931117730942619
881	-13.975161653674313	-16.72390866818885	-15.588945549329107	-13.912308622695216
882	-13.983474733820994	-16.728430771720667	-15.590727200948193	-13.90516171928949
883	-13.99509247351286	-16.728773588619624	-15.597208127739082	-13.929665231883208
884	-13.939976116111866	-16.7285492506758	-15.58386687138526	-13.879901927332961
885	-13.959314956737298	-16.730032982511414	-15.588123911883155	-13.888015603264632
886	-13.9462342195738	-16.730267075229886	-15.587016630140734	-13.883056678301854
887	-14.027021184920164	-16.729500472428516	-15.607261538410734	-13.960678656727632
888	-14.002832077897693	-16.72902660035167	-15.601767856048975	-13.937306391782744
889	-13.943023258356565	-16.72839140267516	-15.587568518542477	-13.886103798674906
890	-13.915697969431566	-16.727859986176888	-15.579186908917201	-13.855865244131419
891	-13.998504369963554	-16.728100115482373	-15.599329884167329	-13.930736726069727
892	-13.992583374889145	-16.728215904219372	-15.599004225610676	-13.926129191709256
893	-13.90554093068366	-16.72974698826791	-15.578022301470304	-13.822865869661682
894	-14.003890777144361	-16.751591690506597	-15.607533791763725	-13.889621401012482
895	-13.936266983368226	-16.751023551437612	-15.603542601681243	-13.87889709806339
896	-13.921721783329753	-16.749867063856442	-15.598151481150762	-13.862450285643723
897	-13.979838411939596	-16.74924864176781	-15.611659727872153	-13.918225527763353
898	-14.02390042256048	-16.74959054005563	-15.622268586563703	-13.955326806819789
899	-14.01792704478388	-16.749404149497177	-15.62247992178652	-13.953429065728113
900	-13.948887124571858	-16.762471741773833	-15.605179331469472	-13.864791081598298
901	-13.945049933072022	-16.763872120591486	-15.60950503814394	-13.876270745299049
902	-13.94841150275972	-16.766389749175232	-15.611150073707256	-13.87925041337445
903	-13.920537868646827	-16.765993171657545	-15.605474079857746	-13.861360747311446
904	-13.973496758614745	-16.765953037102975	-15.617727203135257	-13.906643329570878
905	-13.969445793198103	-16.765671154737678	-15.617655835804692	-13.910026246029604
906	-13.953747801894414	-16.769403252757876	-15.612980575750212	-13.882853599642516
907	-13.953603492471181	-16.7689844098578	-15.615217300726783	-13.889168875706986
908	-13.962411375903848	-16.768293570597248	-15.617158801606	-13.900440802078128
909	-13.960046608574922	-16.767604087381567	-15.615950992099636	-13.893404044512792
910	-13.974206057583405	-16.76701628566158	-15.620425912924178	-13.910851464965509
911	-13.880768724354816	-16.766730947569034	-15.59669325717569	-13.819454060697806
912	-14.000597359648793	-16.767980411712582	-15.626103273754492	-13.932525786724245
913	-13.986568681486407	-16.767041131903714	-15.623100465429442	-13.927354575119958
914	-13.957830568750936	-16.766319956606438	-15.614652354924731	-13.896508512461867
915	-13.925195445438389	-16.765209421449836	-15.60580924166433	-13.870974886922845
916	-13.937843079358755	-16.76460753436024	-15.606610270508904	-13.879553708126185
917	-13.983436480231857	-16.7635330218802	-15.616760190020976	-13.922545646220543
918	-13.941313810660546	-16.762761279231395	-15.605240801859544	-13.882262079734826
919	-13.973428606422774	-16.76225125324789	-15.612393430180944	-13.90249147003959
920	-14.030657441186685	-16.762569158289697	-15.62817391603882	-13.96385604489776
921	-13.972376774887177	-16.763271239599895	-15.614615183984403	-13.905431112918611
922	-13.962397574866124	-16.764012952415825	-15.612669040838563	-13.897538056743347
923	-13.934692309037839	-16.774530327287852	-15.606266830266689	-13.84914757267919
924	-13.985536337628318	-16.773546101152057	-15.624473974873586	-13.923128854885174
925	-14.0090634978954	-16.77399149628599	-15.630266462822076	-13.941722439480488
926	-13.951473386524723	-16.774806216809544	-15.616853543869883	-13.878426441125258
927	-14.010818241865445	-16.774840686596	-15.634602104712455	-13.949155599590108
928	-13.958428081502104	-16.77584459725454	-15.621133276247853	-13.892782932205993
929	-14.031820184071652	-16.775802909809734	-15.639779413050883	-13.961363481272878
930	-13.989891275818959	-16.775077097713886	-15.631211669859685	-13.930631217027837
931	-14.029553926842997	-16.773787389657254	-15.640006413873413	-13.969900855619983
932	-13.920330415649058	-16.772859986177075	-15.611859919468083	-13.861243033865543
933	-13.958766524062632	-16.772749009212244	-15.620181026525891	-13.894420575137454
934	-13.953995651907029	-16.772129668512626	-15.619186378528726	-13.894729556529002
935	-13.948363822471254	-16.77376564919552	-15.616852958802228	-13.875752670533121
936	-14.025999361346141	-16.773577268313172	-15.638367152436645	-13.962940539617856
937	-13.965685874385969	-16.773542514194585	-15.622425330043699	-13.902536503853321
938	-14.00166703848485	-16.772667099726082	-15.63134948339048	-13.943014925242064
939	-14.061773509881077	-16.773520008223652	-15.645235514378275	-13.993858144580091
940	-13.969136133784302	-16.77291035668346	-15.622776037155221	-13.904513004907589
941	-13.963668101449231	-16.773898213520173	-15.621671522182114	-13.896624847991323
942	-13.97602621978361	-16.774739005100344	-15.625468147161206	-13.904970210755117
943	-13.966687160441502	-16.77304768903689	-15.624282537422284	-13.90946670253582
944	-13.986538695396652	-16.772451313613605	-15.62730989672155	-13.921476186101346
945	-13.97734038039199	-16.77590564114652	-15.625023916694925	-13.893802568611052
946	-14.075411603369448	-16.775963448028275	-15.654008955364016	-14.010049911200426
947	-13.949325936326469	-16.77530659737694	-15.622764215505716	-13.889417731817444
948	-13.996595146233496	-16.775584652196162	-15.633319231559687	-13.932616576117303
949	-13.938050838560054	-16.77543041302485	-15.618428229136297	-13.874345927052975
950	-14.022241214140857	-16.775870121519013	-15.639167875077387	-13.957237911515318
951	-14.010129721004182	-16.775468491640552	-15.635966942031118	-13.945381420434638
952	-13.997568633368694	-16.77543266580915	-15.632520701556071	-13.935208415351674
953	-13.946990783268424	-16.774995931865117	-15.61890793548689	-13.88696525900398
954	-13.995616847326215	-16.77422967901075	-15.63023942394316	-13.93440998923846
955	-14.040773973561043	-16.77650004811743	-15.640836570343527	-13.964897574866246
956	-13.93594415719572	-16.775577915714972	-15.616971443225228	-13.879515520152083
957	-13.973019627655667	-16.77627697873162	-15.624892500633822	-13.906652603168219
958	-14.00466755028246	-16.775989125394588	-15.633391397207246	-13.938466466321389
959	-13.964840380391903	-16.777894587193508	-15.623602076279415	-13.898898191647909
960	-13.987480424835232	-16.777048240203506	-15.629658571953238	-13.924091624891139
961	-13.908347134370274	-16.775797004452905	-15.609075860869705	-13.848804493319822
962	-13.965334090093194	-16.775178319903965	-15.622455387216123	-13.900579643578169
963	-13.991353289064598	-16.77516115062578	-15.62895099538029	-13.928502576484746
964	-13.931244368038747	-16.774385886634455	-15.613477145175263	-13.869333613290399
965	-13.9454173993678	-16.774077823853972	-15.616739061966651	-13.884792087696123
966	-13.99156411030279	-16.773671032256203	-15.627217182619647	-13.928655240894159
967	-13.94829077102048	-16.77258177825597	-15.61620597775189	-13.891248589275378
968	-13.92032702553684	-16.772234127713137	-15.607421043191904	-13.857953946965003
969	-13.914654820957693	-16.77283179356612	-15.6057564215284	-13.839929048230971
970	-13.92030570063717	-16.771171710278644	-15.609764573108208	-13.860315805358903
971	-13.96955768877414	-16.771093169032962	-15.62133204071595	-13.902456037898784
972	-13.952296833853321	-16.769977997077728	-15.617616942468384	-13.890732264244475
973	-13.98204172243888	-16.77293581533265	-15.624434146522546	-13.91531344321609
974	-13.985742019019092	-16.773497108562108	-15.626075053804291	-13.920189518209769
975	-13.99963467712952	-16.774050068676992	-15.629472739122944	-13.931096077967624
976	-13.985026071056167	-16.774402224788346	-15.626778420076077	-13.914610399551478
977	-13.911667235330064	-16.77410024233816	-15.60985592569721	-13.852541031293542
978	-13.974054333656454	-16.773735728720858	-15.624212575347613	-13.910492244297458
979	-14.003598855672514	-16.774806479269778	-15.631156744573316	-13.930159663350356
980	-13.979389495463368	-16.774089940771123	-15.62738429328169	-13.918978023323524
981	-13.975952774642296	-16.773318285609033	-15.62563354636331	-13.908341054039951
982	-13.994149453644562	-16.77281779568312	-15.630599038301433	-13.930356224245456
983	-13.859174868550635	-16.77247049508744	-15.596549472673285	-13.79434658320383
984	-13.955448741502266	-16.77238644217536	-15.621023458482991	-13.895216289160725
985	-13.933849461518445	-16.772005131098645	-15.61461258672104	-13.871791094721504
986	-13.950501321049668	-16.771161605556834	-15.618192758501307	-13.890303841543385
987	-14.049999825025955	-16.773519942608434	-15.641801117424576	-13.972028621295502
988	-13.866148788745141	-16.776811391651822	-15.598830329256238	-13.78251806601694
989	-13.924202230037078	-16.77737454397497	-15.618370821413162	-13.85987815280375
990	-13.87645247718727	-16.77730895077089	-15.606623486478718	-13.814317821928967
991	-13.951227920526527	-16.776411270919983	-15.625128135306861	-13.889071940368455
992	-13.964364692964667	-16.77549029771725	-15.627715764240534	-13.901764498744049
993	-14.019190659912043	-16.77559219792987	-15.640975887552976	-13.952365357863902
994	-14.029858446409389	-16.776263068335812	-15.644425753260846	-13.964865314120546
995	-14.009496601138576	-16.775916839452865	-15.639380484326374	-13.948917307506592
996	-13.984560838297561	-16.774951138640102	-15.63214900855576	-13.922387973193377
997	-13.970396074468326	-16.775723078134327	-15.628263179881046	-13.903620749236053
998	-13.944872378677163	-16.775431615967943	-15.622055304759945	-13.881545891183391
999	-13.992103160021673	-16.775537299983245	-15.633765769489607	-13.925617984654336
1000	-14.01394714049458	-16.775490713279446	-15.639509472629625	-13.944594476959852
