Link Id	Count Station Id	Hour	MATSIM volumes	Count volumes	Relative Error	Normalized Relative Error	GEH
1031825659_2	SL4B	6	88	607	-0.855	0.855	27.841
1031825659_2	SL4B	7	1799.5	505	2.563	0.719	38.135
1031825659_2	SL4B	8	2634	425	5.198	0.839	56.483
1031825659_2	SL4B	9	1473.9	455	2.239	0.691	32.809
1031825659_2	SL4B	10	80	416	-0.808	0.808	21.336
1031825659_2	SL4B	11	250	480	-0.479	0.479	12.039
1031825659_2	SL4B	12	0	529	-1	1	32.527
1031825659_2	SL4B	13	690	515	0.34	0.254	7.13
1031825659_2	SL4B	14	180	422	-0.573	0.573	13.949
1031825659_2	SL4B	15	40	454	-0.912	0.912	26.342
1031825659_2	SL4B	16	80	416	-0.808	0.808	21.336
1031825659_2	SL4B	17	320	515	-0.379	0.379	9.543
1031825659_2	SL4B	18	264.7	449	-0.41	0.41	9.756
1031825659_2	SL4B	19	545.3	314	0.737	0.424	11.159
1031825659_2_r	SL4A	6	140.5	264	-0.468	0.468	8.684
1031825659_2_r	SL4A	7	120	473	-0.746	0.746	20.5
1031825659_2_r	SL4A	8	750	420	0.786	0.44	13.644
1031825659_2_r	SL4A	9	188.1	512	-0.633	0.633	17.312
1031825659_2_r	SL4A	10	1.9	524	-0.996	0.996	32.197
1031825659_2_r	SL4A	11	20	448	-0.955	0.955	27.979
1031825659_2_r	SL4A	12	109	416	-0.738	0.738	18.948
1031825659_2_r	SL4A	13	93	449	-0.793	0.793	21.625
1031825659_2_r	SL4A	14	235.2	523	-0.55	0.55	14.781
1031825659_2_r	SL4A	15	62.8	542	-0.884	0.884	27.557
1031825659_2_r	SL4A	16	360.2	497	-0.275	0.275	6.608
1031825659_2_r	SL4A	17	200.9	523	-0.616	0.616	16.93
1031825659_2_r	SL4A	18	635.6	534	0.19	0.16	4.201
1031825659_2_r	SL4A	19	1965.1	495	2.97	0.748	41.917
1037015119_2	49A	7	621.3	1190	-0.478	0.478	18.897
1037015119_2	49A	8	1530	969	0.579	0.367	15.871
1037015119_2	49A	9	2302	917	1.51	0.602	34.523
1037015119_2	49A	10	324.1	836	-0.612	0.612	21.255
1037015119_2	49A	11	40	890	-0.955	0.955	39.418
1037015119_2	49A	12	0	1057	-1	1	45.978
1037015119_2	49A	13	195.8	931	-0.79	0.79	30.974
1037015119_2	49A	14	191.9	929	-0.793	0.793	31.136
1037015119_2	49A	15	63.2	1240	-0.949	0.949	46.101
1037015119_2	49A	16	149.3	1185	-0.874	0.874	40.098
1037015119_2	49A	17	209	1726	-0.879	0.879	48.771
1037015119_2	49A	18	414.4	1514	-0.726	0.726	35.412
1037015119_2	49A	19	930.1	968	-0.039	0.039	1.23
1037015119_2	49A	20	931.5	624	0.493	0.33	11.026
1037015119_2	49A	21	531.7	453	0.174	0.148	3.547
1041510116_0	LC2A	7	0	37	-1	1	8.602
1041510116_0	LC2A	8	0	33	-1	1	8.124
1041510116_0	LC2A	9	82.8	25	2.312	0.698	7.873
1041510116_0	LC2A	10	107.2	26	3.123	0.757	9.95
1041510116_0	LC2A	11	20	35	-0.429	0.429	2.86
1041510116_0	LC2A	12	80	38	1.105	0.525	5.468
1041510116_0	LC2A	13	0	11	-1	1	4.69
1041510116_0	LC2A	14	88.3	34	1.597	0.615	6.944
1041510116_0	LC2A	15	111.7	32	2.491	0.714	9.403
1041510116_0	LC2A	16	0	23	-1	1	6.782
1041510116_0	LC2A	17	60	70	-0.143	0.143	1.24
1041510116_0_r	LC2B	7	230	59	2.898	0.743	14.225
1041510116_0_r	LC2B	8	60	37	0.622	0.383	3.303
1041510116_0_r	LC2B	9	0	32	-1	1	8
1041510116_0_r	LC2B	10	0	31	-1	1	7.874
1041510116_0_r	LC2B	11	0	44	-1	1	9.381
1041510116_0_r	LC2B	12	60	44	0.364	0.267	2.219
1041510116_0_r	LC2B	13	0	15	-1	1	5.477
1041510116_0_r	LC2B	14	0	20	-1	1	6.325
1041510116_0_r	LC2B	15	0	25	-1	1	7.071
1041510116_0_r	LC2B	16	80	20	3	0.75	8.485
1041510116_0_r	LC2B	17	0	48	-1	1	9.798
109598310_0	34B	7	977.5	1295	-0.245	0.245	9.419
109598310_0	34B	8	3487.4	920	2.791	0.736	54.691
109598310_0	34B	9	1311.1	950	0.38	0.275	10.739
109598310_0	34B	16	440	813	-0.459	0.459	14.902
109598310_0	34B	17	453.6	1282	-0.646	0.646	28.121
109598310_0	34B	18	1181.4	761	0.552	0.356	13.49
120044580_2	26B	7	2240.4	1878	0.193	0.162	7.986
120044580_2	26B	8	3169.1	1528	1.074	0.518	33.864
120044580_2	26B	9	2450.4	1330	0.842	0.457	25.77
120044580_2	26B	16	0	945	-1	1	43.474
120044580_2	26B	17	100	1084	-0.908	0.908	40.442
120044580_2	26B	18	117.8	1561	-0.925	0.925	49.813
120044580_2_r	26A	7	100	843	-0.881	0.881	34.217
120044580_2_r	26A	8	393.1	900	-0.563	0.563	19.935
120044580_2_r	26A	9	375.7	921	-0.592	0.592	21.416
120044580_2_r	26A	16	250	1255	-0.801	0.801	36.636
120044580_2_r	26A	17	291.2	1756	-0.834	0.834	45.784
120044580_2_r	26A	18	1600.5	1656	-0.034	0.034	1.375
120243725_0	123A	7	0	289	-1	1	24.042
120243725_0	123A	8	106.1	475	-0.777	0.777	21.642
120243725_0	123A	9	331.4	377	-0.121	0.121	2.423
120243725_0	123A	16	89.6	663	-0.865	0.865	29.559
120243725_0	123A	17	187.8	546	-0.656	0.656	18.7
120243725_0	123A	18	19.7	627	-0.969	0.969	33.773
120243725_0_r	123B	7	472.3	1054	-0.552	0.552	21.057
120243725_0_r	123B	8	407.2	989	-0.588	0.588	22.02
120243725_0_r	123B	9	343.8	830	-0.586	0.586	20.069
120243725_0_r	123B	16	10	660	-0.985	0.985	35.513
120243725_0_r	123B	17	0	777	-1	1	39.421
120243725_0_r	123B	18	0	802	-1	1	40.05
121677887_0	8A	7	1560	4925	-0.683	0.683	59.094
121677887_0	8A	8	5681.2	3848	0.476	0.323	26.558
121677887_0	8A	9	4666.5	3759	0.241	0.194	13.982
121677887_0	8A	16	897.1	3510	-0.744	0.744	55.662
121677887_0	8A	17	1668.2	5002	-0.666	0.666	57.728
121677887_0	8A	18	3142	5627	-0.442	0.442	37.529
121677894_0	8B	7	1842.3	3217	-0.427	0.427	27.332
121677894_0	8B	8	4498.6	3105	0.449	0.31	22.602
121677894_0	8B	9	2747.1	2589	0.061	0.058	3.061
121677894_0	8B	16	2134.1	3059	-0.302	0.302	18.151
121677894_0	8B	17	2025.4	4373	-0.537	0.537	41.505
121677894_0	8B	18	4318.6	3876	0.114	0.102	6.915
126161931_0	11A	7	260	195	0.333	0.25	4.309
126161931_0	11A	8	580.9	317	0.832	0.454	12.455
126161931_0	11A	9	424.3	334	0.27	0.213	4.637
126161931_0	11A	16	184.5	509	-0.638	0.638	17.426
126161931_0	11A	17	296.2	640	-0.537	0.537	15.89
126161931_0	11A	18	222.1	660	-0.663	0.663	20.851
126161931_0_r	11B	7	406.1	640	-0.365	0.365	10.227
126161931_0_r	11B	8	664.1	600	0.107	0.097	2.55
126161931_0_r	11B	9	516	579	-0.109	0.109	2.692
126161931_0_r	11B	16	250	452	-0.447	0.447	10.782
126161931_0_r	11B	17	389.5	442	-0.119	0.119	2.575
126161931_0_r	11B	18	436.7	477	-0.084	0.084	1.885
141770194_0	42B	7	70	582	-0.88	0.88	28.357
141770194_0	42B	8	530.1	552	-0.04	0.04	0.942
141770194_0	42B	9	180.8	400	-0.548	0.548	12.863
141770194_0	42B	16	0	1006	-1	1	44.855
141770194_0	42B	17	109.7	1145	-0.904	0.904	41.334
141770194_0	42B	18	602.5	1162	-0.481	0.481	18.837
158803813_0	49B	6	1268.4	2078	-0.39	0.39	19.792
158803813_0	49B	7	3295.6	3279	0.005	0.005	0.29
158803813_0	49B	8	3813.8	2656	0.436	0.304	20.357
158803813_0	49B	9	2287.5	2239	0.022	0.021	1.019
158803813_0	49B	10	1624.4	2384	-0.319	0.319	16.967
158803813_0	49B	11	249.5	2544	-0.902	0.902	61.394
158803813_0	49B	12	520	2587	-0.799	0.799	52.443
158803813_0	49B	13	460	3066	-0.85	0.85	62.065
158803813_0	49B	14	749.9	2868	-0.739	0.739	49.8
158803813_0	49B	15	1106.1	4224	-0.738	0.738	60.396
158803813_0	49B	16	200.1	3886	-0.949	0.949	81.546
158803813_0	49B	17	502.7	4072	-0.877	0.877	74.631
158803813_0	49B	18	871.6	2836	-0.693	0.693	45.625
158803813_0	49B	19	1542.9	2278	-0.323	0.323	16.818
158803813_0	49B	20	384.3	1765	-0.782	0.782	42.118
158803813_0	49B	21	553.2	1499	-0.631	0.631	29.526
159453123_0	9B	7	1408	2590	-0.456	0.456	26.437
159453123_0	9B	8	2428.3	2170	0.119	0.106	5.387
159453123_0	9B	9	945.3	1754	-0.461	0.461	22.013
159453123_0	9B	10	835.4	1402	-0.404	0.404	16.94
159453123_0	9B	11	1051.3	1545	-0.32	0.32	13.703
159453123_0	9B	12	351.2	1551	-0.774	0.774	38.904
159453123_0	9B	13	747.6	1707	-0.562	0.562	27.386
159453123_0	9B	14	1389.7	1609	-0.136	0.136	5.664
159453123_0	9B	15	711	1382	-0.486	0.486	20.742
159453123_0	9B	16	1041.5	1443	-0.278	0.278	11.392
159453123_0	9B	17	1009	1606	-0.372	0.372	16.51
159453123_0	9B	18	1512.1	1280	0.181	0.153	6.212
159453123_0	9B	19	1898.1	1139	0.666	0.4	19.48
159453123_0	9B	20	1187.7	1132	0.049	0.047	1.636
159453123_0	9B	21	813.9	847	-0.039	0.039	1.149
160295212_1	52A	7	110	480	-0.771	0.771	21.542
160295212_1	52A	8	603.8	455	0.327	0.246	6.467
160295212_1	52A	9	296.3	472	-0.372	0.372	8.964
160295212_1	52A	16	534.1	749	-0.287	0.287	8.484
160295212_1	52A	17	383.3	873	-0.561	0.561	19.539
160295212_1	52A	18	899.5	927	-0.03	0.03	0.91
160295212_1_r	52B	7	858.8	1215	-0.293	0.293	11.062
160295212_1_r	52B	8	1138.8	1118	0.019	0.018	0.619
160295212_1_r	52B	9	1257.3	1086	0.158	0.136	5.004
160295212_1_r	52B	16	483.9	906	-0.466	0.466	16.012
160295212_1_r	52B	17	455.2	965	-0.528	0.528	19.131
160295212_1_r	52B	18	485.4	1097	-0.558	0.558	21.743
166341477_0	105B	7	396	610	-0.351	0.351	9.542
166341477_0	105B	8	897.5	560	0.603	0.376	12.502
166341477_0	105B	9	819.3	592	0.384	0.277	8.557
166341477_0	105B	16	616.3	980	-0.371	0.371	12.874
166341477_0	105B	17	461.2	1321	-0.651	0.651	28.803
166341477_0	105B	18	1007.6	1297	-0.223	0.223	8.525
166341480_0	105A	7	1295.6	1141	0.135	0.119	4.429
166341480_0	105A	8	1793.4	1056	0.698	0.411	19.536
166341480_0	105A	9	1050.7	793	0.325	0.245	8.488
166341480_0	105A	16	400.2	700	-0.428	0.428	12.782
166341480_0	105A	17	837.7	750	0.117	0.105	3.113
166341480_0	105A	18	1202	745	0.613	0.38	14.647
166974547_0	50B	7	1006.9	1038	-0.03	0.03	0.973
166974547_0	50B	8	1001	1128	-0.113	0.113	3.893
166974547_0	50B	9	289.8	1031	-0.719	0.719	28.842
166974547_0	50B	16	674.4	1059	-0.363	0.363	13.064
166974547_0	50B	17	641.1	1177	-0.455	0.455	17.774
166974547_0	50B	18	1092.8	1195	-0.086	0.086	3.022
166974547_0_r	50A	7	270.8	446	-0.393	0.393	9.254
166974547_0_r	50A	8	822	420	0.957	0.489	16.132
166974547_0_r	50A	9	1313.7	584	1.249	0.555	23.689
166974547_0_r	50A	16	184.3	696	-0.735	0.735	24.39
166974547_0_r	50A	17	226.9	881	-0.742	0.742	27.791
166974547_0_r	50A	18	139	836	-0.834	0.834	31.568
167874801_0	129A	7	689.4	960	-0.282	0.282	9.423
167874801_0	129A	8	877.8	812	0.081	0.075	2.264
167874801_0	129A	9	668.1	733	-0.089	0.089	2.452
167874801_0	129A	16	585.9	839	-0.302	0.302	9.482
167874801_0	129A	17	834.2	1164	-0.283	0.283	10.434
167874801_0	129A	18	688.8	1325	-0.48	0.48	20.049
167932461_0	35B	7	1759.7	682	1.58	0.612	30.844
167932461_0	35B	8	1254.3	472	1.657	0.624	26.627
167932461_0	35B	9	790.4	423	0.869	0.465	14.916
167932461_0	35B	16	815.9	296	1.756	0.637	22.05
167932461_0	35B	17	797.9	456	0.75	0.428	13.655
167932461_0	35B	18	1641.7	483	2.399	0.706	35.55
167934489_6	55A	7	711.9	1555	-0.542	0.542	25.043
167934489_6	55A	8	1232.7	1272	-0.031	0.031	1.111
167934489_6	55A	9	1453.4	1315	0.105	0.095	3.72
167934489_6	55A	16	369.4	1459	-0.747	0.747	36.037
167934489_6	55A	17	441.7	1853	-0.762	0.762	41.665
167934489_6	55A	18	229.4	1950	-0.882	0.882	52.123
168024956_3	18B	7	360.6	651	-0.446	0.446	12.912
168024956_3	18B	8	286.2	497	-0.424	0.424	10.652
168024956_3	18B	9	16.6	373	-0.955	0.955	25.535
168024956_3	18B	17	141.1	727	-0.806	0.806	28.122
168024956_3	18B	18	275	776	-0.646	0.646	21.855
168024956_3	18B	19	104.5	486	-0.785	0.785	22.202
168024968_2	18A	7	171.5	322	-0.467	0.467	9.581
168024968_2	18A	8	433.1	350	0.237	0.192	4.2
168024968_2	18A	9	455.6	393	0.159	0.137	3.039
168024968_2	18A	17	316.5	685	-0.538	0.538	16.467
168024968_2	18A	18	360.1	693	-0.48	0.48	14.508
168024968_2	18A	19	552.3	513	0.077	0.071	1.703
172844255_0	110B	7	870.5	2820	-0.691	0.691	45.383
172844255_0	110B	8	3096.2	3752	-0.175	0.175	11.207
172844255_0	110B	9	2774.5	2788	-0.005	0.005	0.256
172844255_0	110B	16	1410	2454	-0.425	0.425	23.752
172844255_0	110B	17	906.6	3321	-0.727	0.727	52.514
172844255_0	110B	18	2004.2	4034	-0.503	0.503	36.941
173294230_0	110A	7	431	2531	-0.83	0.83	54.568
173294230_0	110A	8	2850	2030	0.404	0.288	16.6
173294230_0	110A	9	2203.2	1754	0.256	0.204	10.099
173294230_0	110A	16	644.1	2198	-0.707	0.707	41.221
173294230_0	110A	17	660.6	3064	-0.784	0.784	55.693
173294230_0	110A	18	1523.5	3236	-0.529	0.529	35.105
176085737_2	9A	7	2233.9	3244	-0.311	0.311	19.301
176085737_2	9A	8	1627.9	3286	-0.505	0.505	33.451
176085737_2	9A	9	1991.3	3801	-0.476	0.476	33.628
176085737_2	9A	10	1661.4	2379	-0.302	0.302	15.966
176085737_2	9A	11	1459.9	2384	-0.388	0.388	21.079
176085737_2	9A	12	1901.5	2737	-0.305	0.305	17.349
176085737_2	9A	13	1823.7	2822	-0.354	0.354	20.713
176085737_2	9A	14	498.4	2327	-0.786	0.786	48.651
176085737_2	9A	15	600.3	2535	-0.763	0.763	48.864
176085737_2	9A	16	717	2282	-0.686	0.686	40.415
176085737_2	9A	17	1069.7	2824	-0.621	0.621	39.759
176085737_2	9A	18	1194.5	3204	-0.627	0.627	42.85
176085737_2	9A	19	1372.5	1992	-0.311	0.311	15.104
176085737_2	9A	20	1128.7	1562	-0.277	0.277	11.813
176085737_2	9A	21	937.9	1521	-0.383	0.383	16.63
177318238_0	102C	6	100	1024	-0.902	0.902	38.977
177318238_0	102C	7	1439	2943	-0.511	0.511	32.131
177318238_0	102C	8	3829.7	3484	0.099	0.09	5.717
177318238_0	102C	9	2784.8	2879	-0.033	0.033	1.77
177318238_0	102C	10	823.5	2402	-0.657	0.657	39.306
177318238_0	102C	11	1043.6	2619	-0.602	0.602	36.814
177318238_0	102C	12	1043	2707	-0.615	0.615	38.428
177318238_0	102C	13	1589.6	2962	-0.463	0.463	28.768
177318238_0	102C	14	2880.5	3606	-0.201	0.201	12.739
177318238_0	102C	15	1047.5	3187	-0.671	0.671	46.497
177318238_0	102C	16	922.3	3182	-0.71	0.71	49.882
177318238_0	102C	17	1441.7	3716	-0.612	0.612	44.785
177318238_0	102C	18	3042.6	2863	0.063	0.059	3.305
177318238_0	102C	19	4567.5	2818	0.621	0.383	28.79
177318238_0	102C	20	2559.6	2298	0.114	0.102	5.308
177318238_0	102C	21	1976.1	1966	0.005	0.005	0.227
185966977_2	121A	7	2405.3	3074	-0.218	0.218	12.776
185966977_2	121A	8	3693.4	2800	0.319	0.242	15.679
185966977_2	121A	9	2373.5	2227	0.066	0.062	3.055
185966977_2	121A	16	290	1753	-0.835	0.835	45.775
185966977_2	121A	17	597.7	1952	-0.694	0.694	37.93
185966977_2	121A	18	987.6	2062	-0.521	0.521	27.514
198197233_1	28A	7	923.4	809	0.141	0.124	3.887
198197233_1	28A	8	3284.5	790	3.158	0.759	55.266
198197233_1	28A	9	2766.7	944	1.931	0.659	42.316
198197233_1	28A	16	820	1241	-0.339	0.339	13.115
198197233_1	28A	17	797.6	1904	-0.581	0.581	30.103
198197233_1	28A	18	1818	2561	-0.29	0.29	15.879
203830401_0	2A	7	323.4	1391	-0.768	0.768	36.464
203830401_0	2A	8	765.3	1219	-0.372	0.372	14.404
203830401_0	2A	9	635.3	1065	-0.403	0.403	14.737
203830401_0	2A	16	176.8	998	-0.823	0.823	33.883
203830401_0	2A	17	850	1116	-0.238	0.238	8.484
203830401_0	2A	18	1088.3	1037	0.049	0.047	1.574
218949798_0	37B	7	3332.2	2674	0.246	0.198	12.011
218949798_0	37B	8	4205.3	1822	1.308	0.567	43.414
218949798_0	37B	9	1645.4	1687	-0.025	0.025	1.019
218949798_0	37B	17	20	2278	-0.991	0.991	66.614
218949798_0	37B	18	511.1	2275	-0.775	0.775	47.26
219319873_0	37C	7	71.7	2584	-0.972	0.972	68.944
219319873_0	37C	8	695.2	2196	-0.683	0.683	39.473
219319873_0	37C	9	438.3	1821	-0.759	0.759	41.139
219319873_0	37C	17	1491	2937	-0.492	0.492	30.731
219319873_0	37C	18	3972.9	3282	0.211	0.174	11.471
231442865_0	37D	7	0	196	-1	1	19.799
231442865_0	37D	8	0	145	-1	1	17.029
231442865_0	37D	9	0	190	-1	1	19.494
231442865_0	37D	17	0	259	-1	1	22.76
231442865_0	37D	18	0	302	-1	1	24.576
232285691_0	47A	7	651.2	1059	-0.385	0.385	13.946
232285691_0	47A	8	2167.7	1202	0.803	0.445	23.527
232285691_0	47A	9	1231.5	1107	0.112	0.101	3.641
232285691_0	47A	16	90.1	696	-0.871	0.871	30.562
232285691_0	47A	17	1179.8	915	0.289	0.224	8.182
232285691_0	47A	18	1218	738	0.65	0.394	15.349
232666440_0	102B	6	369.3	1701	-0.783	0.783	41.391
232666440_0	102B	7	2806.5	2888	-0.028	0.028	1.527
232666440_0	102B	8	4620.1	2766	0.67	0.401	30.51
232666440_0	102B	9	3999.9	2486	0.609	0.378	26.584
232666440_0	102B	10	3286	2561	0.283	0.221	13.409
232666440_0	102B	11	2352.9	2045	0.151	0.131	6.566
232666440_0	102B	12	2965.7	2273	0.305	0.234	13.535
232666440_0	102B	13	2000.1	2027	-0.013	0.013	0.599
232666440_0	102B	14	1290.5	2326	-0.445	0.445	24.351
232666440_0	102B	15	1019.6	2319	-0.56	0.56	31.804
232666440_0	102B	16	1351.5	2319	-0.417	0.417	22.584
232666440_0	102B	17	1175.9	3127	-0.624	0.624	42.064
232666440_0	102B	18	1910.9	2820	-0.322	0.322	18.692
232666440_0	102B	19	3115.5	2471	0.261	0.207	12.195
232666440_0	102B	20	1588.6	1850	-0.141	0.141	6.304
232666440_0	102B	21	899.3	1149	-0.217	0.217	7.803
247127656_2	34A	7	475.3	1115	-0.574	0.574	22.686
247127656_2	34A	8	797.2	986	-0.191	0.191	6.323
247127656_2	34A	9	718.6	882	-0.185	0.185	5.776
247127656_2	34A	16	606.8	942	-0.356	0.356	12.045
247127656_2	34A	17	810.9	1178	-0.312	0.312	11.641
247127656_2	34A	18	892.6	1384	-0.355	0.355	14.565
253155021_1	LC1B	7	810	971	-0.166	0.166	5.395
253155021_1	LC1B	8	500	1046	-0.522	0.522	19.638
253155021_1	LC1B	9	240	1101	-0.782	0.782	33.251
253155021_1	LC1B	10	250	1000	-0.75	0.75	30
253155021_1	LC1B	11	0	884	-1	1	42.048
253155021_1	LC1B	12	60	852	-0.93	0.93	37.089
253155021_1	LC1B	13	0	1125	-1	1	47.434
253155021_1	LC1B	14	0	1036	-1	1	45.519
253155021_1	LC1B	15	0	1036	-1	1	45.519
253155021_1	LC1B	16	20	939	-0.979	0.979	41.968
253155021_1	LC1B	17	0	1335	-1	1	51.672
254882882_0	19A	7	260	523	-0.503	0.503	13.292
254882882_0	19A	8	736.7	562	0.311	0.237	6.856
254882882_0	19A	9	470.8	560	-0.159	0.159	3.929
254882882_0	19A	16	279.7	607	-0.539	0.539	15.544
254882882_0	19A	17	495.2	962	-0.485	0.485	17.294
254882882_0	19A	18	1072.1	962	0.114	0.103	3.452
312827973_2	LC3A	7	0	11	-1	1	4.69
312827973_2	LC3A	8	0	10	-1	1	4.472
312827973_2	LC3A	9	0	19	-1	1	6.164
312827973_2	LC3A	10	0	10	-1	1	4.472
312827973_2	LC3A	11	0	19	-1	1	6.164
312827973_2	LC3A	12	0	28	-1	1	7.483
312827973_2	LC3A	13	0	10	-1	1	4.472
312827973_2	LC3A	14	0	20	-1	1	6.325
312827973_2	LC3A	15	0	18	-1	1	6
312827973_2	LC3A	16	0	15	-1	1	5.477
312827973_2	LC3A	17	0	17	-1	1	5.831
319339783_0	5A	7	0	237	-1	1	21.772
319339783_0	5A	8	30	175	-0.829	0.829	14.322
319339783_0	5A	9	0	175	-1	1	18.708
319339783_0	5A	16	0	249	-1	1	22.316
319339783_0	5A	17	0	401	-1	1	28.32
319339783_0	5A	18	110	428	-0.743	0.743	19.389
319339783_0_r	5B	7	30	422	-0.929	0.929	26.075
319339783_0_r	5B	8	300	352	-0.148	0.148	2.88
319339783_0_r	5B	9	276.7	215	0.287	0.223	3.935
319339783_0_r	5B	16	0	198	-1	1	19.9
319339783_0_r	5B	17	0	308	-1	1	24.819
319339783_0_r	5B	18	0	301	-1	1	24.536
356041100_0	LC3B	7	0	15	-1	1	5.477
356041100_0	LC3B	8	0	7	-1	1	3.742
356041100_0	LC3B	9	0	20	-1	1	6.325
356041100_0	LC3B	10	0	13	-1	1	5.099
356041100_0	LC3B	11	0	10	-1	1	4.472
356041100_0	LC3B	12	0	21	-1	1	6.481
356041100_0	LC3B	13	0	10	-1	1	4.472
356041100_0	LC3B	14	0	14	-1	1	5.292
356041100_0	LC3B	15	0	11	-1	1	4.69
356041100_0	LC3B	16	20	11	0.818	0.45	2.286
356041100_0	LC3B	17	0	17	-1	1	5.831
35893653_0	17A	6	1040	4778	-0.782	0.782	69.305
35893653_0	17A	7	9954.7	6339	0.57	0.363	40.059
35893653_0	17A	8	10906	6768	0.611	0.379	44.019
35893653_0	17A	9	10307.6	5608	0.838	0.456	52.682
35893653_0	17A	10	10662.4	5244	1.033	0.508	60.758
35893653_0	17A	11	9625.1	5359	0.796	0.443	49.287
35893653_0	17A	12	9744.5	5995	0.625	0.385	42.266
35893653_0	17A	13	5215	6582	-0.208	0.208	17.799
35893653_0	17A	14	3370.3	5136	-0.344	0.344	27.075
35893653_0	17A	15	2246.7	5072	-0.557	0.557	46.705
35893653_0	17A	16	1901.2	5268	-0.639	0.639	56.234
35893653_0	17A	17	2316.2	5675	-0.592	0.592	53.137
35893653_0	17A	18	3013.5	6276	-0.52	0.52	47.871
35893653_0	17A	19	4492.6	5314	-0.155	0.155	11.73
35893653_0	17A	20	2152.7	4298	-0.499	0.499	37.775
35893653_0	17A	21	1868.2	3664	-0.49	0.49	34.145
35893655_0	17B	6	230	2137	-0.892	0.892	55.433
35893655_0	17B	7	1870.1	5815	-0.678	0.678	63.639
35893655_0	17B	8	4860.6	4951	-0.018	0.018	1.291
35893655_0	17B	9	2708.1	4723	-0.427	0.427	33.055
35893655_0	17B	10	1894.9	6322	-0.7	0.7	69.069
35893655_0	17B	11	2207.6	5966	-0.63	0.63	58.791
35893655_0	17B	12	1763.6	5852	-0.699	0.699	66.255
35893655_0	17B	13	3086	5577	-0.447	0.447	37.849
35893655_0	17B	14	4424.6	6639	-0.334	0.334	29.773
35893655_0	17B	15	2257.1	6939	-0.675	0.675	69.045
35893655_0	17B	16	2624	6436	-0.592	0.592	56.637
35893655_0	17B	17	5078.7	7224	-0.297	0.297	27.353
35893655_0	17B	18	9341.5	8126	0.15	0.13	13.006
35893655_0	17B	19	10905.4	8331	0.309	0.236	26.25
35893655_0	17B	20	10949.7	5903	0.855	0.461	54.978
35893655_0	17B	21	5151.1	5802	-0.112	0.112	8.796
35893748_0	LC6A	7	730	903	-0.192	0.192	6.054
35893748_0	LC6A	8	1113.7	697	0.598	0.374	13.849
35893748_0	LC6A	9	302.5	660	-0.542	0.542	16.296
35893748_0	LC6A	10	0	687	-1	1	37.068
35893748_0	LC6A	11	30	538	-0.944	0.944	30.144
35893748_0	LC6A	12	192.4	704	-0.727	0.727	24.165
35893748_0	LC6A	13	237.6	762	-0.688	0.688	23.457
35893748_0	LC6A	14	0	691	-1	1	37.175
35893748_0	LC6A	15	210	712	-0.705	0.705	23.38
35893748_0	LC6A	16	120	556	-0.784	0.784	23.715
35893748_0	LC6A	17	300	859	-0.651	0.651	23.221
35897292_0	49C	6	0	1274	-1	1	50.478
35897292_0	49C	7	60	2686	-0.978	0.978	70.87
35897292_0	49C	8	767.3	2366	-0.676	0.676	40.391
35897292_0	49C	9	208.8	2099	-0.901	0.901	55.645
35897292_0	49C	10	313.8	1947	-0.839	0.839	48.576
35897292_0	49C	11	117.2	2152	-0.946	0.946	60.409
35897292_0	49C	12	243.8	2508	-0.903	0.903	61.041
35897292_0	49C	13	798.5	2252	-0.645	0.645	37.217
35897292_0	49C	14	854.8	2344	-0.635	0.635	37.237
35897292_0	49C	15	965.6	2460	-0.607	0.607	36.109
35897292_0	49C	16	787	4551	-0.827	0.827	72.858
35897292_0	49C	17	1821.1	4670	-0.61	0.61	50.007
35897292_0	49C	18	3643.9	3019	0.207	0.171	10.827
35897292_0	49C	19	3172.2	2363	0.342	0.255	15.382
35897292_0	49C	20	2133.7	1978	0.079	0.073	3.434
35897292_0	49C	21	1722	2147	-0.198	0.198	9.663
365923813_1	SL5B	6	90.5	825	-0.89	0.89	34.33
365923813_1	SL5B	7	739.6	841	-0.121	0.121	3.607
365923813_1	SL5B	8	1108.7	736	0.506	0.336	12.272
365923813_1	SL5B	9	287.9	811	-0.645	0.645	22.316
365923813_1	SL5B	10	0	715	-1	1	37.815
365923813_1	SL5B	11	30	837	-0.964	0.964	38.76
365923813_1	SL5B	12	204.9	698	-0.706	0.706	23.208
365923813_1	SL5B	13	225.1	840	-0.732	0.732	26.646
365923813_1	SL5B	14	0	786	-1	1	39.648
365923813_1	SL5B	15	210	780	-0.731	0.731	25.62
365923813_1	SL5B	16	120	832	-0.856	0.856	32.634
365923813_1	SL5B	17	300	837	-0.642	0.642	22.522
365923813_1	SL5B	18	210.3	844	-0.751	0.751	27.6
365923813_1	SL5B	19	59.7	678	-0.912	0.912	32.194
385774390_1	2B	7	280	641	-0.563	0.563	16.823
385774390_1	2B	8	1303.1	660	0.974	0.494	20.527
385774390_1	2B	9	1099.8	792	0.389	0.28	10.008
385774390_1	2B	16	210.1	1090	-0.807	0.807	34.511
385774390_1	2B	17	569.9	1428	-0.601	0.601	27.15
385774390_1	2B	18	970.1	1543	-0.371	0.371	16.162
413762920_0	37A	7	539.4	984	-0.452	0.452	16.109
413762920_0	37A	8	522.7	610	-0.143	0.143	3.668
413762920_0	37A	9	75.8	505	-0.85	0.85	25.186
413762920_0	37A	17	233.7	528	-0.557	0.557	15.08
413762920_0	37A	18	317.7	764	-0.584	0.584	19.191
414043854_0	30B	6	50	1461	-0.966	0.966	51.335
414043854_0	30B	7	1068.9	3023	-0.646	0.646	43.202
414043854_0	30B	8	2188.7	2375	-0.078	0.078	3.9
414043854_0	30B	9	854.4	2297	-0.628	0.628	36.342
414043854_0	30B	10	110.2	2534	-0.957	0.957	66.66
414043854_0	30B	11	520	2381	-0.782	0.782	48.864
414043854_0	30B	12	549.2	2721	-0.798	0.798	53.709
414043854_0	30B	13	391.6	2537	-0.846	0.846	56.065
414043854_0	30B	14	873.9	2856	-0.694	0.694	45.898
414043854_0	30B	15	260.2	2865	-0.909	0.909	65.895
414043854_0	30B	16	902.8	3093	-0.708	0.708	49
414043854_0	30B	17	1142.8	3568	-0.68	0.68	49.971
414043854_0	30B	18	1969.9	3956	-0.502	0.502	36.487
414043854_0	30B	19	2772.8	2829	-0.02	0.02	1.062
414043854_0	30B	20	2920.9	2102	0.39	0.28	16.341
414043854_0	30B	21	1639	2128	-0.23	0.23	11.267
414043855_1	55C	7	3302	3612	-0.086	0.086	5.272
414043855_1	55C	8	4006.8	2589	0.548	0.354	24.689
414043855_1	55C	9	3353.3	2259	0.484	0.326	20.658
414043855_1	55C	16	555.3	1940	-0.714	0.714	39.202
414043855_1	55C	17	1026.9	3023	-0.66	0.66	44.358
414043855_1	55C	18	1138.6	2551	-0.554	0.554	32.884
414043856_1	55B	7	1029	3404	-0.698	0.698	50.446
414043856_1	55B	8	2712.8	2590	0.047	0.045	2.385
414043856_1	55B	9	1812.9	2158	-0.16	0.16	7.745
414043856_1	55B	16	1539	1925	-0.201	0.201	9.275
414043856_1	55B	17	1795.1	3371	-0.467	0.467	31.007
414043856_1	55B	18	3854.6	3861	-0.002	0.002	0.103
414043859_0	30A	6	50	134	-0.627	0.627	8.758
414043859_0	30A	7	386.9	501	-0.228	0.228	5.415
414043859_0	30A	8	604.3	440	0.373	0.272	7.19
414043859_0	30A	9	633.9	329	0.927	0.481	13.896
414043859_0	30A	10	90.3	410	-0.78	0.78	20.214
414043859_0	30A	11	7.6	472	-0.984	0.984	29.989
414043859_0	30A	12	105	565	-0.814	0.814	25.132
414043859_0	30A	13	183.4	754	-0.757	0.757	26.356
414043859_0	30A	14	26.1	497	-0.947	0.947	29.117
414043859_0	30A	15	90.8	542	-0.832	0.832	25.366
414043859_0	30A	16	409	628	-0.349	0.349	9.618
414043859_0	30A	17	273.9	1186	-0.769	0.769	33.759
414043859_0	30A	18	634	1872	-0.661	0.661	34.974
414043859_0	30A	19	1280.8	737	0.738	0.425	17.12
414043859_0	30A	20	1072.8	466	1.302	0.566	21.876
414043859_0	30A	21	81.8	477	-0.829	0.829	23.643
414043864_2	30D	6	37.5	1614	-0.977	0.977	54.862
414043864_2	30D	7	1190.2	2757	-0.568	0.568	35.268
414043864_2	30D	8	1957	1713	0.142	0.125	5.696
414043864_2	30D	9	1572.5	1312	0.199	0.166	6.859
414043864_2	30D	10	105.2	1229	-0.914	0.914	43.51
414043864_2	30D	11	165.7	1522	-0.891	0.891	46.69
414043864_2	30D	12	170	1801	-0.906	0.906	51.955
414043864_2	30D	13	130	1831	-0.929	0.929	54.323
414043864_2	30D	14	210	1579	-0.867	0.867	45.773
414043864_2	30D	15	130	1450	-0.91	0.91	46.963
414043864_2	30D	16	170	1524	-0.888	0.888	46.524
414043864_2	30D	17	310.1	2242	-0.862	0.862	54.082
414043864_2	30D	18	119.6	2581	-0.954	0.954	66.983
414043864_2	30D	19	487.1	2072	-0.765	0.765	44.307
414043864_2	30D	20	157.7	1101	-0.857	0.857	37.601
414043864_2	30D	21	149.9	1529	-0.902	0.902	47.599
414279356_0	LC6B	7	538	665	-0.191	0.191	5.178
414279356_0	LC6B	8	759.4	742	0.023	0.023	0.635
414279356_0	LC6B	9	30.7	682	-0.955	0.955	34.502
414279356_0	LC6B	10	0	624	-1	1	35.327
414279356_0	LC6B	11	0	597	-1	1	34.554
414279356_0	LC6B	12	121.8	568	-0.786	0.786	24.026
414279356_0	LC6B	13	129.4	612	-0.789	0.789	25.065
414279356_0	LC6B	14	300	450	-0.333	0.333	7.746
414279356_0	LC6B	15	10	579	-0.983	0.983	33.157
414279356_0	LC6B	16	190	681	-0.721	0.721	23.528
414279356_0	LC6B	17	80	930	-0.914	0.914	37.825
434689238_1	46A	7	960.9	1229	-0.218	0.218	8.102
434689238_1	46A	8	1120	1298	-0.137	0.137	5.119
434689238_1	46A	9	1609.1	986	0.632	0.387	17.298
434689238_1	46A	16	0	803	-1	1	40.075
434689238_1	46A	17	0	724	-1	1	38.053
434689238_1	46A	18	40	951	-0.958	0.958	40.926
45573785_0	SL5A	6	0	423	-1	1	29.086
45573785_0	SL5A	7	450	695	-0.353	0.353	10.239
45573785_0	SL5A	8	626.2	776	-0.193	0.193	5.657
45573785_0	SL5A	9	33.8	780	-0.957	0.957	36.992
45573785_0	SL5A	10	0	709	-1	1	37.656
45573785_0	SL5A	11	0	740	-1	1	38.471
45573785_0	SL5A	12	74.7	669	-0.888	0.888	30.819
45573785_0	SL5A	13	65.3	691	-0.905	0.905	32.176
45573785_0	SL5A	14	300	772	-0.611	0.611	20.387
45573785_0	SL5A	15	10	848	-0.988	0.988	40.459
45573785_0	SL5A	16	90	867	-0.896	0.896	35.521
45573785_0	SL5A	17	0	926	-1	1	43.035
45573785_0	SL5A	18	555.4	877	-0.367	0.367	12.017
45573785_0	SL5A	19	397.2	783	-0.493	0.493	15.882
470854274_0	LC4B	7	9	65	-0.862	0.862	9.206
470854274_0	LC4B	8	90	92	-0.022	0.022	0.21
470854274_0	LC4B	9	0	112	-1	1	14.967
470854274_0	LC4B	10	0	158	-1	1	17.776
470854274_0	LC4B	11	0	181	-1	1	19.026
470854274_0	LC4B	12	0	103	-1	1	14.353
470854274_0	LC4B	13	0	69	-1	1	11.747
470854274_0	LC4B	14	0	143	-1	1	16.912
470854274_0	LC4B	15	0	121	-1	1	15.556
470854274_0	LC4B	16	0	199	-1	1	19.95
470854274_0	LC4B	17	0	178	-1	1	18.868
470854274_0_r	LC4A	7	0	162	-1	1	18
470854274_0_r	LC4A	8	20	155	-0.871	0.871	14.432
470854274_0_r	LC4A	9	10	199	-0.95	0.95	18.489
470854274_0_r	LC4A	10	0	140	-1	1	16.733
470854274_0_r	LC4A	11	0	159	-1	1	17.833
470854274_0_r	LC4A	12	0	84	-1	1	12.961
470854274_0_r	LC4A	13	0	112	-1	1	14.967
470854274_0_r	LC4A	14	0	108	-1	1	14.697
470854274_0_r	LC4A	15	0	139	-1	1	16.673
470854274_0_r	LC4A	16	0	110	-1	1	14.832
470854274_0_r	LC4A	17	10	131	-0.924	0.924	14.411
472820227_1	36A	7	1233.8	990	0.246	0.198	7.311
472820227_1	36A	8	1089.9	732	0.489	0.328	11.858
472820227_1	36A	9	600.9	496	0.211	0.175	4.479
472820227_1	36A	16	20	368	-0.946	0.946	24.985
472820227_1	36A	17	280	493	-0.432	0.432	10.834
472820227_1	36A	18	19.8	610	-0.968	0.968	33.259
472820227_1_r	36B	7	30	390	-0.923	0.923	24.842
472820227_1_r	36B	8	241.6	358	-0.325	0.325	6.723
472820227_1_r	36B	9	79.2	426	-0.814	0.814	21.82
472820227_1_r	36B	16	0.6	637	-0.999	0.999	35.643
472820227_1_r	36B	17	195.8	813	-0.759	0.759	27.481
472820227_1_r	36B	18	831.4	932	-0.108	0.108	3.388
562609007_0	SL3B	6	30	169	-0.822	0.822	13.935
562609007_0	SL3B	7	90	227	-0.604	0.604	10.882
562609007_0	SL3B	8	160	197	-0.188	0.188	2.769
562609007_0	SL3B	9	414.2	189	1.192	0.544	12.967
562609007_0	SL3B	10	23	191	-0.88	0.88	16.241
562609007_0	SL3B	11	315.9	198	0.595	0.373	7.355
562609007_0	SL3B	12	358.8	231	0.553	0.356	7.442
562609007_0	SL3B	13	237.3	220	0.079	0.073	1.144
562609007_0	SL3B	14	140.9	232	-0.393	0.393	6.672
562609007_0	SL3B	15	200	259	-0.228	0.228	3.895
562609007_0	SL3B	16	185.4	222	-0.165	0.165	2.564
562609007_0	SL3B	17	429.2	286	0.501	0.334	7.573
562609007_0	SL3B	18	500.1	334	0.497	0.332	8.133
562609007_0	SL3B	19	1104.5	238	3.641	0.785	33.445
562609010_0	SL3A	6	90	217	-0.585	0.585	10.251
562609010_0	SL3A	7	642.2	397	0.618	0.382	10.757
562609010_0	SL3A	8	1028.5	275	2.74	0.733	29.515
562609010_0	SL3A	9	1116.7	204	4.474	0.817	35.517
562609010_0	SL3A	10	820.3	183	3.483	0.777	28.454
562609010_0	SL3A	11	0	199	-1	1	19.95
562609010_0	SL3A	12	0	260	-1	1	22.804
562609010_0	SL3A	13	160	262	-0.389	0.389	7.022
562609010_0	SL3A	14	100	240	-0.583	0.583	10.738
562609010_0	SL3A	15	201.9	194	0.041	0.039	0.561
562609010_0	SL3A	16	200	266	-0.248	0.248	4.324
562609010_0	SL3A	17	30	315	-0.905	0.905	21.7
562609010_0	SL3A	18	70	296	-0.764	0.764	16.706
562609010_0	SL3A	19	330	236	0.398	0.285	5.588
569338042_1	107A	7	475.3	1107	-0.571	0.571	22.459
569338042_1	107A	8	2448.9	1383	0.771	0.435	24.351
569338042_1	107A	9	2285.5	1024	1.232	0.552	31.011
569338042_1	107A	16	267.1	838	-0.681	0.681	24.287
569338042_1	107A	17	427.7	1454	-0.706	0.706	33.459
569338042_1	107A	18	791.4	1174	-0.326	0.326	12.205
569338045_0	107B	7	307.6	914	-0.663	0.663	24.536
569338045_0	107B	8	590.4	1084	-0.455	0.455	17.059
569338045_0	107B	9	434.6	697	-0.376	0.376	11.031
569338045_0	107B	16	646.8	934	-0.307	0.307	10.216
569338045_0	107B	17	363	1289	-0.718	0.718	32.22
569338045_0	107B	18	1276.8	1633	-0.218	0.218	9.339
573531413_1	46B	7	140	417	-0.664	0.664	16.598
573531413_1	46B	8	478.2	563	-0.151	0.151	3.717
573531413_1	46B	9	301	572	-0.474	0.474	12.971
573531413_1	46B	16	13.5	765	-0.982	0.982	38.09
573531413_1	46B	17	124.3	1008	-0.877	0.877	37.14
573531413_1	46B	18	55.1	1018	-0.946	0.946	41.57
575650868_2	LC1A	7	0	1046	-1	1	45.738
575650868_2	LC1A	8	40	1087	-0.963	0.963	44.106
575650868_2	LC1A	9	0	955	-1	1	43.704
575650868_2	LC1A	10	0	690	-1	1	37.148
575650868_2	LC1A	11	0	778	-1	1	39.446
575650868_2	LC1A	12	50.1	899	-0.944	0.944	38.969
575650868_2	LC1A	13	109.9	800	-0.863	0.863	32.354
575650868_2	LC1A	14	0	665	-1	1	36.469
575650868_2	LC1A	15	140	765	-0.817	0.817	29.381
575650868_2	LC1A	16	120	882	-0.864	0.864	34.044
575650868_2	LC1A	17	460	1086	-0.576	0.576	22.516
627942651_1	39B	7	0	154	-1	1	17.55
627942651_1	39B	8	303.3	217	0.398	0.285	5.351
627942651_1	39B	9	99.9	277	-0.639	0.639	12.901
627942651_1	39B	16	0	241	-1	1	21.954
627942651_1	39B	17	0	506	-1	1	31.812
627942651_1	39B	18	102.5	507	-0.798	0.798	23.171
627942651_1_r	39A	7	366.1	787	-0.535	0.535	17.529
627942651_1_r	39A	8	804.9	728	0.106	0.096	2.778
627942651_1_r	39A	9	747.8	571	0.31	0.236	6.885
627942651_1_r	39A	16	0	295	-1	1	24.29
627942651_1_r	39A	17	0	355	-1	1	26.646
627942651_1_r	39A	18	100	389	-0.743	0.743	18.482
655429848_0	LC5B	7	9	20	-0.55	0.55	2.889
655429848_0	LC5B	8	0	27	-1	1	7.348
655429848_0	LC5B	9	0	11	-1	1	4.69
655429848_0	LC5B	10	0	20	-1	1	6.325
655429848_0	LC5B	11	0	26	-1	1	7.211
655429848_0	LC5B	12	0	24	-1	1	6.928
655429848_0	LC5B	13	0	43	-1	1	9.274
655429848_0	LC5B	14	0	16	-1	1	5.657
655429848_0	LC5B	15	0	20	-1	1	6.325
655429848_0	LC5B	16	0	26	-1	1	7.211
655429848_0	LC5B	17	0	36	-1	1	8.485
655429848_0_r	LC5A	7	24.9	16	0.556	0.357	1.968
655429848_0_r	LC5A	8	0	16	-1	1	5.657
655429848_0_r	LC5A	9	10	15	-0.333	0.333	1.414
655429848_0_r	LC5A	10	0	18	-1	1	6
655429848_0_r	LC5A	11	0	13	-1	1	5.099
655429848_0_r	LC5A	12	0	22	-1	1	6.633
655429848_0_r	LC5A	13	0	25	-1	1	7.071
655429848_0_r	LC5A	14	0	18	-1	1	6
655429848_0_r	LC5A	15	0	13	-1	1	5.099
655429848_0_r	LC5A	16	0	16	-1	1	5.657
655429848_0_r	LC5A	17	0	45	-1	1	9.487
698776325_0	38B	7	73.2	608	-0.88	0.88	28.978
698776325_0	38B	8	405.1	457	-0.114	0.114	2.5
698776325_0	38B	9	372.5	369	0.009	0.009	0.182
698776325_0	38B	16	0	159	-1	1	17.833
698776325_0	38B	17	0	212	-1	1	20.591
698776325_0	38B	18	110	256	-0.57	0.57	10.793
699467575_0	49D	6	0	558	-1	1	33.407
699467575_0	49D	7	165	1512	-0.891	0.891	46.517
699467575_0	49D	8	496.8	1296	-0.617	0.617	26.693
699467575_0	49D	9	1175.4	1150	0.022	0.022	0.745
699467575_0	49D	10	1105.5	1316	-0.16	0.16	6.05
699467575_0	49D	11	228.2	1487	-0.847	0.847	42.985
699467575_0	49D	12	107.5	1557	-0.931	0.931	50.245
699467575_0	49D	13	272.1	1676	-0.838	0.838	44.983
699467575_0	49D	14	66.4	1525	-0.956	0.956	51.708
699467575_0	49D	15	115.5	1670	-0.931	0.931	52.027
699467575_0	49D	16	220.2	1816	-0.879	0.879	50.013
699467575_0	49D	17	351.4	1899	-0.815	0.815	46.136
699467575_0	49D	18	1301.2	2188	-0.405	0.405	21.231
699467575_0	49D	19	2619.4	1538	0.703	0.413	23.719
699467575_0	49D	20	1602.8	1212	0.322	0.244	10.417
699467575_0	49D	21	952.5	1121	-0.15	0.15	5.233
699685407_5	43A	7	0	557	-1	1	33.377
699685407_5	43A	8	39.4	630	-0.937	0.937	32.282
699685407_5	43A	9	157.5	666	-0.764	0.764	25.06
699685407_5	43A	16	0	731	-1	1	38.236
699685407_5	43A	17	0	737	-1	1	38.393
699685407_5	43A	18	50.1	694	-0.928	0.928	33.382
780041148_0	40B	6	1417.6	4258	-0.667	0.667	53.32
780041148_0	40B	7	7736.1	4677	0.654	0.395	38.83
780041148_0	40B	8	7494.7	3684	1.034	0.508	50.971
780041148_0	40B	9	5088.5	3653	0.393	0.282	21.713
780041148_0	40B	10	2528.4	3517	-0.281	0.281	17.981
780041148_0	40B	11	1791.5	3494	-0.487	0.487	33.118
780041148_0	40B	12	1646.8	3518	-0.532	0.532	36.822
780041148_0	40B	13	1806.3	3416	-0.471	0.471	31.501
780041148_0	40B	14	2487.1	4421	-0.437	0.437	32.906
780041148_0	40B	15	2194.1	4282	-0.488	0.488	36.692
780041148_0	40B	16	1133.2	3616	-0.687	0.687	50.95
780041148_0	40B	17	1271.8	4338	-0.707	0.707	57.895
780041148_0	40B	18	1778.4	3898	-0.544	0.544	39.786
780041148_0	40B	19	3261.6	3223	0.012	0.012	0.678
780041148_0	40B	20	1390.3	2052	-0.322	0.322	15.95
780041148_0	40B	21	781.6	2250	-0.653	0.653	37.716
780387724_0	62B	7	1170.5	3867	-0.697	0.697	53.729
780387724_0	62B	8	2675.2	3101	-0.137	0.137	7.923
780387724_0	62B	9	1573.5	2873	-0.452	0.452	27.56
780387724_0	62B	16	2328.9	3268	-0.287	0.287	17.752
780387724_0	62B	17	4430	3862	0.147	0.128	8.821
780387724_0	62B	18	7169.8	3307	1.168	0.539	53.371
780387732_0	40A	6	130	2100	-0.938	0.938	58.997
780387732_0	40A	7	969.2	4707	-0.794	0.794	70.162
780387732_0	40A	8	2327.5	3982	-0.415	0.415	29.457
780387732_0	40A	9	1628.8	3708	-0.561	0.561	40.25
780387732_0	40A	10	433.8	3590	-0.879	0.879	70.366
780387732_0	40A	11	583.3	4990	-0.883	0.883	83.478
780387732_0	40A	12	712.4	4649	-0.847	0.847	76.032
780387732_0	40A	13	1726	4875	-0.646	0.646	54.813
780387732_0	40A	14	1974.9	3954	-0.501	0.501	36.349
780387732_0	40A	15	1249.6	4527	-0.724	0.724	60.983
780387732_0	40A	16	1874.3	4517	-0.585	0.585	46.749
780387732_0	40A	17	2483.7	5769	-0.569	0.569	51.144
780387732_0	40A	18	4153.1	5019	-0.173	0.173	12.786
780387732_0	40A	19	5770.2	5356	0.077	0.072	5.553
780387732_0	40A	20	3747.4	3672	0.021	0.02	1.238
780387732_0	40A	21	2694.7	2939	-0.083	0.083	4.603
822368641_8	33A	7	672.4	641	0.049	0.047	1.225
822368641_8	33A	8	1426.2	544	1.622	0.619	28.108
822368641_8	33A	9	1015.6	440	1.308	0.567	21.336
822368641_8	33A	16	21.6	420	-0.949	0.949	26.811
822368641_8	33A	17	30	628	-0.952	0.952	32.969
822368641_8	33A	18	410	608	-0.326	0.326	8.776
822368641_8_r	33B	7	110	403	-0.727	0.727	18.295
822368641_8_r	33B	8	80	362	-0.779	0.779	18.969
822368641_8_r	33B	9	187.3	395	-0.526	0.526	12.172
822368641_8_r	33B	16	152.1	506	-0.699	0.699	19.51
822368641_8_r	33B	17	927.6	713	0.301	0.231	7.493
822368641_8_r	33B	18	1142	752	0.519	0.342	12.673
834356151_16	SL2A	6	0	62	-1	1	11.136
834356151_16	SL2A	7	40	120	-0.667	0.667	8.944
834356151_16	SL2A	8	20	111	-0.82	0.82	11.244
834356151_16	SL2A	9	4.1	128	-0.968	0.968	15.245
834356151_16	SL2A	10	95.5	122	-0.217	0.217	2.541
834356151_16	SL2A	11	17.8	118	-0.849	0.849	12.16
834356151_16	SL2A	12	1.5	117	-0.987	0.987	15.005
834356151_16	SL2A	13	0.6	141	-0.996	0.996	16.686
834356151_16	SL2A	14	29.6	134	-0.779	0.779	11.543
834356151_16	SL2A	15	0	112	-1	1	14.967
834356151_16	SL2A	16	0	127	-1	1	15.937
834356151_16	SL2A	17	0	158	-1	1	17.776
834356151_16	SL2A	18	40	179	-0.777	0.777	13.283
834356151_16	SL2A	19	154.8	106	0.46	0.315	4.273
834356151_16_r	SL2B	6	0	121	-1	1	15.556
834356151_16_r	SL2B	7	134.8	164	-0.178	0.178	2.389
834356151_16_r	SL2B	8	240.1	122	0.968	0.492	8.777
834356151_16_r	SL2B	9	146.7	99	0.482	0.325	4.304
834356151_16_r	SL2B	10	0	108	-1	1	14.697
834356151_16_r	SL2B	11	0	117	-1	1	15.297
834356151_16_r	SL2B	12	0	141	-1	1	16.793
834356151_16_r	SL2B	13	220	124	0.774	0.436	7.32
834356151_16_r	SL2B	14	40	132	-0.697	0.697	9.921
834356151_16_r	SL2B	15	38.1	108	-0.647	0.647	8.178
834356151_16_r	SL2B	16	20.2	133	-0.848	0.848	12.888
834356151_16_r	SL2B	17	19.8	153	-0.871	0.871	14.33
834356151_16_r	SL2B	18	0	138	-1	1	16.613
834356151_16_r	SL2B	19	20	63	-0.683	0.683	6.675
84718573_2	61A	6	0	480	-1	1	30.984
84718573_2	61A	7	591.7	629	-0.059	0.059	1.51
84718573_2	61A	8	1112.2	783	0.42	0.296	10.694
84718573_2	61A	9	822.3	652	0.261	0.207	6.272
84718573_2	61A	16	10	533	-0.981	0.981	31.741
84718573_2	61A	17	152.7	696	-0.781	0.781	26.374
84718573_2	61A	18	906.7	710	0.277	0.217	6.918
88529171_0	30C	6	392.4	3211	-0.878	0.878	66.404
88529171_0	30C	7	3303.3	3493	-0.054	0.054	3.254
88529171_0	30C	8	4462.7	2761	0.616	0.381	28.315
88529171_0	30C	9	2726.9	2096	0.301	0.231	12.848
88529171_0	30C	10	427.1	1885	-0.773	0.773	42.878
88529171_0	30C	11	449.5	1783	-0.748	0.748	39.913
88529171_0	30C	12	199.2	1794	-0.889	0.889	50.518
88529171_0	30C	13	461.3	2707	-0.83	0.83	56.423
88529171_0	30C	14	450	4278	-0.895	0.895	78.731
88529171_0	30C	15	79.7	4058	-0.98	0.98	87.465
88529171_0	30C	16	349.8	5592	-0.937	0.937	96.177
88529171_0	30C	17	737.2	6464	-0.886	0.886	95.439
88529171_0	30C	18	1004.2	2417	-0.585	0.585	34.159
88529171_0	30C	19	1534.6	1818	-0.156	0.156	6.922
88529171_0	30C	20	711.8	974	-0.269	0.269	9.031
88529171_0	30C	21	773.1	681	0.135	0.119	3.416
88595092_2	SL1B	6	0	102	-1	1	14.283
88595092_2	SL1B	7	0	162	-1	1	18
88595092_2	SL1B	8	0	118	-1	1	15.362
88595092_2	SL1B	9	0	125	-1	1	15.811
88595092_2	SL1B	10	0	136	-1	1	16.492
88595092_2	SL1B	11	0	125	-1	1	15.811
88595092_2	SL1B	12	0	129	-1	1	16.062
88595092_2	SL1B	13	0	149	-1	1	17.263
88595092_2	SL1B	14	0	154	-1	1	17.55
88595092_2	SL1B	15	90	157	-0.427	0.427	6.029
88595092_2	SL1B	16	150	177	-0.153	0.153	2.112
88595092_2	SL1B	17	313.7	166	0.89	0.471	9.537
88595092_2	SL1B	18	0.4	155	-0.997	0.997	17.539
88595092_2	SL1B	19	0	97	-1	1	13.928
88595092_2_r	SL1A	6	230	76	2.026	0.67	12.45
88595092_2_r	SL1A	7	0	137	-1	1	16.553
88595092_2_r	SL1A	8	0	133	-1	1	16.31
88595092_2_r	SL1A	9	230	152	0.513	0.339	5.644
88595092_2_r	SL1A	10	240	145	0.655	0.396	6.847
88595092_2_r	SL1A	11	0	163	-1	1	18.055
88595092_2_r	SL1A	12	60	139	-0.568	0.568	7.92
88595092_2_r	SL1A	13	0	146	-1	1	17.088
88595092_2_r	SL1A	14	0	178	-1	1	18.868
88595092_2_r	SL1A	15	0	203	-1	1	20.149
88595092_2_r	SL1A	16	20	188	-0.894	0.894	16.474
88595092_2_r	SL1A	17	0	199	-1	1	19.95
88595092_2_r	SL1A	18	70	166	-0.578	0.578	8.838
88595092_2_r	SL1A	19	0	218	-1	1	20.881
887686186_14	41A	7	657.9	1003	-0.344	0.344	11.975
887686186_14	41A	8	978.5	1012	-0.033	0.033	1.062
887686186_14	41A	9	511.1	942	-0.457	0.457	15.986
887686186_14	41A	17	188.8	1369	-0.862	0.862	42.288
887686186_14	41A	18	815.9	1749	-0.534	0.534	26.056
933724289_2	108B	7	517	805	-0.358	0.358	11.202
933724289_2	108B	8	1175.6	862	0.364	0.267	9.825
933724289_2	108B	9	541.4	830	-0.348	0.348	11.021
933724289_2	108B	16	487.1	733	-0.335	0.335	9.956
933724289_2	108B	17	829.9	880	-0.057	0.057	1.713
933724289_2	108B	18	1018.4	880	0.157	0.136	4.492
933724289_2_r	108A	7	1256.9	958	0.312	0.238	8.982
933724289_2_r	108A	8	1650.2	964	0.712	0.416	18.98
933724289_2_r	108A	9	1226.4	884	0.387	0.279	10.541
933724289_2_r	108A	16	443.9	615	-0.278	0.278	7.436
933724289_2_r	108A	17	815.9	859	-0.05	0.05	1.489
933724289_2_r	108A	18	891.6	906	-0.016	0.016	0.48
933924203_0	19B	7	312.7	465	-0.328	0.328	7.723
933924203_0	19B	8	421.5	411	0.026	0.025	0.515
933924203_0	19B	9	277.2	158	0.754	0.43	8.081
933924203_0	19B	16	0	70	-1	1	11.832
933924203_0	19B	17	0	101	-1	1	14.213
933924203_0	19B	18	0	141	-1	1	16.793
946462711_1	42A	7	788.8	568	0.389	0.28	8.477
946462711_1	42A	8	867.3	525	0.652	0.395	12.973
946462711_1	42A	9	790.7	497	0.591	0.371	11.575
946462711_1	42A	16	109.4	362	-0.698	0.698	16.453
946462711_1	42A	17	250	512	-0.512	0.512	13.423
946462711_1	42A	18	425	530	-0.198	0.198	4.805
955637783_0	47B	7	152	1435	-0.894	0.894	45.546
955637783_0	47B	8	1174.5	1276	-0.08	0.08	2.9
955637783_0	47B	9	977.3	1242	-0.213	0.213	7.946
955637783_0	47B	16	81.8	1690	-0.952	0.952	54.032
955637783_0	47B	17	521.6	1871	-0.721	0.721	39.014
955637783_0	47B	18	1191.2	1812	-0.343	0.343	16.02
959065640_0	55D	7	0	2395	-1	1	69.21
959065640_0	55D	8	0	1842	-1	1	60.696
959065640_0	55D	9	6.8	1622	-0.996	0.996	56.599
959065640_0	55D	16	0	1397	-1	1	52.858
959065640_0	55D	17	0	1861	-1	1	61.008
959065640_0	55D	18	0	1698	-1	1	58.275
973189134_0	54B	7	731.6	715	0.023	0.023	0.617
973189134_0	54B	8	1000	807	0.239	0.193	6.421
973189134_0	54B	9	1170.2	1030	0.136	0.12	4.227
973189134_0	54B	16	303.9	1570	-0.806	0.806	41.363
973189134_0	54B	17	210.5	1723	-0.878	0.878	48.645
973189134_0	54B	18	159.9	1728	-0.907	0.907	51.039
973189143_0	54A	7	1085.3	1192	-0.09	0.09	3.162
973189143_0	54A	8	1435.1	1114	0.288	0.224	8.994
973189143_0	54A	9	1542.9	1363	0.132	0.117	4.72
973189143_0	54A	16	1661.7	2599	-0.361	0.361	20.307
973189143_0	54A	17	1948.8	2102	-0.073	0.073	3.404
973189143_0	54A	18	1864.6	1866	-0.001	0.001	0.032
974187989_0	44A	7	488.2	1382	-0.647	0.647	29.229
974187989_0	44A	8	1602.9	1851	-0.134	0.134	5.97
974187989_0	44A	9	1206.9	1151	0.049	0.046	1.628
974187989_0	44A	16	649.1	1861	-0.651	0.651	34.209
974187989_0	44A	17	1342.7	2662	-0.496	0.496	29.483
974187989_0	44A	18	2201.6	2525	-0.128	0.128	6.652
974187992_0	38A	7	426	1217	-0.65	0.65	27.598
974187992_0	38A	8	1635.7	1354	0.208	0.172	7.286
974187992_0	38A	9	897.1	967	-0.072	0.072	2.29
974187992_0	38A	16	918.3	1298	-0.293	0.293	11.406
974187992_0	38A	17	1845.6	1782	0.036	0.034	1.493
974187992_0	38A	18	3156	1965	0.606	0.377	23.537
974509283_0	62A	7	7774.9	3503	1.219	0.549	56.888
974509283_0	62A	8	6361.2	3027	1.101	0.524	48.665
974509283_0	62A	9	5833.5	2964	0.968	0.492	43.265
974509283_0	62A	16	1631.9	3203	-0.491	0.491	31.954
974509283_0	62A	17	1523.6	3446	-0.558	0.558	38.565
974509283_0	62A	18	1460.5	3530	-0.586	0.586	41.429
974869515_0	102A	6	10.3	1153	-0.991	0.991	47.381
974869515_0	102A	7	116.5	2060	-0.943	0.943	58.914
974869515_0	102A	8	931.2	1816	-0.487	0.487	23.873
974869515_0	102A	9	864	1842	-0.531	0.531	26.588
974869515_0	102A	10	877.2	1888	-0.535	0.535	27.184
974869515_0	102A	11	709.7	1922	-0.631	0.631	33.42
974869515_0	102A	12	625.6	2200	-0.716	0.716	41.887
974869515_0	102A	13	104.7	2179	-0.952	0.952	61.386
974869515_0	102A	14	162	1852	-0.913	0.913	53.256
974869515_0	102A	15	52.8	1612	-0.967	0.967	54.043
974869515_0	102A	16	140.1	1921	-0.927	0.927	55.476
974869515_0	102A	17	61	2977	-0.98	0.98	74.818
974869515_0	102A	18	133.5	2190	-0.939	0.939	60.335
974869515_0	102A	19	150.8	1821	-0.917	0.917	53.193
974869515_0	102A	20	239.9	1357	-0.823	0.823	39.534
974869515_0	102A	21	1	935	-0.999	0.999	43.174
982055241_1	61B	6	0	97	-1	1	13.928
982055241_1	61B	7	200	419	-0.523	0.523	12.448
982055241_1	61B	8	535.1	466	0.148	0.129	3.089
982055241_1	61B	9	363.3	485	-0.251	0.251	5.909
982055241_1	61B	16	20	484	-0.959	0.959	29.229
982055241_1	61B	17	144.5	579	-0.75	0.75	22.845
982055241_1	61B	18	404	640	-0.369	0.369	10.329
982374013_2	45A	7	2526.8	2208	0.144	0.126	6.552
982374013_2	45A	8	2786.2	1762	0.581	0.368	21.477
982374013_2	45A	9	1994.2	1533	0.301	0.231	10.982
982374013_2	45A	17	288.4	1693	-0.83	0.83	44.625
982374013_2	45A	18	548.8	2197	-0.75	0.75	44.483
998266947_0	28B	7	439.4	2603	-0.831	0.831	55.473
998266947_0	28B	8	3017	2273	0.327	0.247	14.466
998266947_0	28B	9	2917.3	1760	0.658	0.397	23.931
998266947_0	28B	16	1217.4	1376	-0.115	0.115	4.404
998266947_0	28B	17	584.9	1527	-0.617	0.617	28.992
998266947_0	28B	18	2483.2	1419	0.75	0.429	24.093
